#  Description for UT/CSR monthly C20 RL-06 time series from SLR
#
#  Column 1: Approximate mid-point of monthly solution (years)
#  Column 2: C20 from SLR (normalized)
#  Column 3: Delta C20 relative to a mean value of -4.841694723127E-4 (1E-10)
#  Column 4: Solution sigma (1E-10)
#  Column 5: Mean value of Atmosphere-Ocean De-aliasing model (1E-10)
#  Columns 6-7: Start and end dates of data used in solution (YearMonthDay.Seconds)
#
#  The RL-06 background gravity model includes solid earth and ocean tides, solid 
#  earth and ocean pole tides, and the Atmosphere-Ocean De-aliasing (AOD1B) product.
#  However, the monthly mean of the AOD model has been restored; subtract Column 5 to remove it.
#
#  SLR estimates always use the full set of days in each calendar month.
#
 2002.0411  -4.8416941035E-04  2.7197  0.4739  0.4078   20020101.0000   20020201.0000
 2002.1232  -4.8416945653E-04  2.2579  0.4345 -0.4476   20020201.0000   20020301.0000
 2002.2026  -4.8416935377E-04  3.2855  0.4211  0.4107   20020301.0000   20020401.0000
 2002.2875  -4.8416931778E-04  3.6454  0.5605  0.2706   20020401.0000   20020501.0000
 2002.3696  -4.8416931325E-04  3.6907  0.4508  0.7621   20020501.0000   20020601.0000
 2002.4545  -4.8416943840E-04  2.4392  0.4959 -0.2937   20020601.0000   20020701.0000
 2002.5367  -4.8416960231E-04  0.8001  0.4962 -0.8053   20020701.0000   20020801.0000
 2002.6215  -4.8416966157E-04  0.2075  0.4582 -1.0465   20020801.0000   20020901.0000
 2002.7064  -4.8416958094E-04  1.0138  0.5242 -0.4289   20020901.0000   20021001.0000
 2002.7885  -4.8416944431E-04  2.3801  0.4575  0.7605   20021001.0000   20021101.0000
 2002.8734  -4.8416947309E-04  2.0923  0.4972  0.2156   20021101.0000   20021201.0000
 2002.9555  -4.8416939221E-04  2.9011  0.5271  0.5269   20021201.0000   20030101.0000
 2003.0411  -4.8416936631E-04  3.1601  0.5119  0.4833   20030101.0000   20030201.0000
 2003.1232  -4.8416931964E-04  3.6268  0.4407  0.9508   20030201.0000   20030301.0000
 2003.2026  -4.8416932421E-04  3.5811  0.3983  0.4975   20030301.0000   20030401.0000
 2003.2875  -4.8416938605E-04  2.9627  0.5182  0.0488   20030401.0000   20030501.0000
 2003.3696  -4.8416942061E-04  2.6171  0.4524 -0.1367   20030501.0000   20030601.0000
 2003.4545  -4.8416937184E-04  3.1048  0.4234  0.4891   20030601.0000   20030701.0000
 2003.5367  -4.8416960206E-04  0.8026  0.4681 -0.6578   20030701.0000   20030801.0000
 2003.6215  -4.8416965890E-04  0.2342  0.3869 -0.7694   20030801.0000   20030901.0000
 2003.7064  -4.8416957309E-04  1.0923  0.4113 -0.4193   20030901.0000   20031001.0000
 2003.7885  -4.8416958831E-04  0.9401  0.4526 -0.3236   20031001.0000   20031101.0000
 2003.8734  -4.8416946333E-04  2.1899  0.5442  0.5492   20031101.0000   20031201.0000
 2003.9555  -4.8416938179E-04  3.0053  0.4604  0.5497   20031201.0000   20040101.0000
 2004.0411  -4.8416936421E-04  3.1811  0.4547  0.8104   20040101.0000   20040201.0000
 2004.1232  -4.8416932504E-04  3.5728  0.5143  0.9586   20040201.0000   20040301.0000
 2004.2054  -4.8416940607E-04  2.7625  0.4888  0.1545   20040301.0000   20040401.0000
 2004.2902  -4.8416941402E-04  2.6830  0.5714 -0.1533   20040401.0000   20040501.0000
 2004.3724  -4.8416943859E-04  2.4373  0.4820 -0.4832   20040501.0000   20040601.0000
 2004.4573  -4.8416952422E-04  1.5810  0.5623 -1.1458   20040601.0000   20040701.0000
 2004.5394  -4.8416960899E-04  0.7333  0.5504 -1.0167   20040701.0000   20040801.0000
 2004.6243  -4.8416957145E-04  1.1087  0.4431 -0.4787   20040801.0000   20040901.0000
 2004.7091  -4.8416959081E-04  0.9151  0.5247 -0.6651   20040901.0000   20041001.0000
 2004.7913  -4.8416952430E-04  1.5802  0.5242 -0.4331   20041001.0000   20041101.0000
 2004.8761  -4.8416949082E-04  1.9150  0.5140 -0.0478   20041101.0000   20041201.0000
 2004.9583  -4.8416929750E-04  3.8482  0.5549  0.9224   20041201.0000   20050101.0000
 2005.0411  -4.8416929570E-04  3.8662  0.4394  1.2851   20050101.0000   20050201.0000
 2005.1232  -4.8416928900E-04  3.9332  0.5512  0.8820   20050201.0000   20050301.0000
 2005.2026  -4.8416930197E-04  3.8035  0.5387  0.1962   20050301.0000   20050401.0000
 2005.2875  -4.8416935480E-04  3.2752  0.4737 -0.4039   20050401.0000   20050501.0000
 2005.3696  -4.8416935101E-04  3.3131  0.4592 -0.3059   20050501.0000   20050601.0000
 2005.4545  -4.8416934830E-04  3.3402  0.4661  0.0448   20050601.0000   20050701.0000
 2005.5367  -4.8416959485E-04  0.8747  0.4392 -1.1243   20050701.0000   20050801.0000
 2005.6215  -4.8416958588E-04  0.9644  0.4422 -0.9098   20050801.0000   20050901.0000
 2005.7064  -4.8416958600E-04  0.9632  0.4822 -0.6369   20050901.0000   20051001.0000
 2005.7885  -4.8416952111E-04  1.6121  0.4468 -0.4243   20051001.0000   20051101.0000
 2005.8734  -4.8416944546E-04  2.3686  0.5077  0.2523   20051101.0000   20051201.0000
 2005.9555  -4.8416924436E-04  4.3796  0.4990  1.8676   20051201.0000   20060101.0000
 2006.0411  -4.8416931131E-04  3.7101  0.4621  1.3167   20060101.0000   20060201.0000
 2006.1232  -4.8416932121E-04  3.6111  0.5183  0.8800   20060201.0000   20060301.0000
 2006.2026  -4.8416936954E-04  3.1278  0.5178  0.2411   20060301.0000   20060401.0000
 2006.2875  -4.8416937322E-04  3.0910  0.4942  0.1857   20060401.0000   20060501.0000
 2006.3696  -4.8416947418E-04  2.0814  0.4487 -0.6843   20060501.0000   20060601.0000
 2006.4545  -4.8416944730E-04  2.3502  0.3940 -0.5294   20060601.0000   20060701.0000
 2006.5367  -4.8416961565E-04  0.6667  0.3717 -1.1108   20060701.0000   20060801.0000
 2006.6215  -4.8416951559E-04  1.6673  0.3917 -0.1051   20060801.0000   20060901.0000
 2006.7064  -4.8416956794E-04  1.1438  0.4097 -0.5238   20060901.0000   20061001.0000
 2006.7885  -4.8416955418E-04  1.2814  0.4037 -0.7725   20061001.0000   20061101.0000
 2006.8734  -4.8416937622E-04  3.0610  0.4327  0.6727   20061101.0000   20061201.0000
 2006.9555  -4.8416939721E-04  2.8511  0.4379  0.1215   20061201.0000   20070101.0000
 2007.0411  -4.8416942384E-04  2.5848  0.4360  0.3959   20070101.0000   20070201.0000
 2007.1232  -4.8416930638E-04  3.7594  0.5063  0.6821   20070201.0000   20070301.0000
 2007.2026  -4.8416929621E-04  3.8611  0.3900  0.8347   20070301.0000   20070401.0000
 2007.2875  -4.8416936020E-04  3.2212  0.4208  0.3380   20070401.0000   20070501.0000
 2007.3696  -4.8416939867E-04  2.8365  0.3893 -0.2384   20070501.0000   20070601.0000
 2007.4545  -4.8416937314E-04  3.0918  0.4075  0.3475   20070601.0000   20070701.0000
 2007.5367  -4.8416949492E-04  1.8740  0.4253  0.1229   20070701.0000   20070801.0000
 2007.6215  -4.8416960386E-04  0.7846  0.4019 -0.8658   20070801.0000   20070901.0000
 2007.7064  -4.8416959657E-04  0.8575  0.4394 -0.8867   20070901.0000   20071001.0000
 2007.7885  -4.8416954685E-04  1.3547  0.4348 -0.0462   20071001.0000   20071101.0000
 2007.8734  -4.8416949610E-04  1.8622  0.4789  0.3864   20071101.0000   20071201.0000
 2007.9555  -4.8416939887E-04  2.8345  0.5025  0.4596   20071201.0000   20080101.0000
 2008.0411  -4.8416941492E-04  2.6740  0.4930  0.5974   20080101.0000   20080201.0000
 2008.1232  -4.8416939904E-04  2.8328  0.4843  0.3087   20080201.0000   20080301.0000
 2008.2054  -4.8416941793E-04  2.6439  0.4461 -0.1495   20080301.0000   20080401.0000
 2008.2902  -4.8416931509E-04  3.6723  0.4664  0.4332   20080401.0000   20080501.0000
 2008.3724  -4.8416937388E-04  3.0844  0.4261  0.0637   20080501.0000   20080601.0000
 2008.4573  -4.8416953650E-04  1.4582  0.4516 -0.8108   20080601.0000   20080701.0000
 2008.5394  -4.8416963437E-04  0.4795  0.4225 -0.8588   20080701.0000   20080801.0000
 2008.6243  -4.8416967985E-04  0.0247  0.3899 -0.8750   20080801.0000   20080901.0000
 2008.7091  -4.8416964388E-04  0.3844  0.4500 -1.0356   20080901.0000   20081001.0000
 2008.7913  -4.8416965924E-04  0.2308  0.4058 -1.2856   20081001.0000   20081101.0000
 2008.8761  -4.8416954034E-04  1.4198  0.4682 -0.0129   20081101.0000   20081201.0000
 2008.9583  -4.8416945453E-04  2.2779  0.4759  0.5715   20081201.0000   20090101.0000
 2009.0411  -4.8416941286E-04  2.6946  0.4389  0.5075   20090101.0000   20090201.0000
 2009.1232  -4.8416936243E-04  3.1989  0.4669  0.9611   20090201.0000   20090301.0000
 2009.2026  -4.8416943910E-04  2.4322  0.4214  0.1417   20090301.0000   20090401.0000
 2009.2875  -4.8416944068E-04  2.4164  0.4542 -0.1859   20090401.0000   20090501.0000
 2009.3696  -4.8416942112E-04  2.6120  0.4529  0.1699   20090501.0000   20090601.0000
 2009.4545  -4.8416940206E-04  2.8026  0.5618  0.2764   20090601.0000   20090701.0000
 2009.5367  -4.8416952582E-04  1.5650  0.4393 -0.2179   20090701.0000   20090801.0000
 2009.6215  -4.8416958888E-04  0.9344  0.4245 -0.5312   20090801.0000   20090901.0000
 2009.7064  -4.8416960347E-04  0.7885  0.4342 -0.5903   20090901.0000   20091001.0000
 2009.7885  -4.8416949678E-04  1.8554  0.4571 -0.0991   20091001.0000   20091101.0000
 2009.8734  -4.8416942734E-04  2.5498  0.4878  0.8858   20091101.0000   20091201.0000
 2009.9555  -4.8416934310E-04  3.3922  0.5112  1.0646   20091201.0000   20100101.0000
 2010.0411  -4.8416927642E-04  4.0590  0.4415  1.4656   20100101.0000   20100201.0000
 2010.1232  -4.8416933092E-04  3.5140  0.4641  1.2581   20100201.0000   20100301.0000
 2010.2026  -4.8416940414E-04  2.7818  0.4361  0.0150   20100301.0000   20100401.0000
 2010.2875  -4.8416944941E-04  2.3291  0.5362  0.0434   20100401.0000   20100501.0000
 2010.3696  -4.8416942805E-04  2.5427  0.4884 -0.2899   20100501.0000   20100601.0000
 2010.4545  -4.8416958286E-04  0.9946  0.5043 -1.3469   20100601.0000   20100701.0000
 2010.5367  -4.8416973790E-04 -0.5558  0.4710 -1.5896   20100701.0000   20100801.0000
 2010.6215  -4.8416973202E-04 -0.4970  0.4101 -1.2470   20100801.0000   20100901.0000
 2010.7064  -4.8416965131E-04  0.3101  0.4161 -0.4726   20100901.0000   20101001.0000
 2010.7885  -4.8416969294E-04 -0.1062  0.4341 -0.9175   20101001.0000   20101101.0000
 2010.8734  -4.8416957280E-04  1.0952  0.4494 -0.2897   20101101.0000   20101201.0000
 2010.9555  -4.8416931696E-04  3.6536  0.5126  1.4706   20101201.0000   20110101.0000
 2011.0411  -4.8416934232E-04  3.4000  0.4384  1.5701   20110101.0000   20110201.0000
 2011.1232  -4.8416937689E-04  3.0543  0.5061  0.8323   20110201.0000   20110301.0000
 2011.2026  -4.8416944949E-04  2.3283  0.4013  0.2349   20110301.0000   20110401.0000
 2011.2875  -4.8416947349E-04  2.0883  0.4799  0.0698   20110401.0000   20110501.0000
 2011.3696  -4.8416952393E-04  1.5839  0.3911 -0.5909   20110501.0000   20110601.0000
 2011.4545  -4.8416953320E-04  1.4912  0.4220 -0.8067   20110601.0000   20110701.0000
 2011.5367  -4.8416960455E-04  0.7777  0.4175 -0.1492   20110701.0000   20110801.0000
 2011.6215  -4.8416963744E-04  0.4488  0.3955 -0.4400   20110801.0000   20110901.0000
 2011.7064  -4.8416963069E-04  0.5163  0.3895 -0.5490   20110901.0000   20111001.0000
 2011.7885  -4.8416968052E-04  0.0180  0.4153 -0.5897   20111001.0000   20111101.0000
 2011.8734  -4.8416950610E-04  1.7622  0.4451  0.6473   20111101.0000   20111201.0000
 2011.9555  -4.8416955306E-04  1.2926  0.5238  0.0016   20111201.0000   20120101.0000
 2012.0411  -4.8416948675E-04  1.9557  0.4180  1.0069   20120101.0000   20120201.0000
 2012.1232  -4.8416940961E-04  2.7271  0.4453  1.2878   20120201.0000   20120301.0000
 2012.2054  -4.8416950985E-04  1.7247  0.3846  0.1162   20120301.0000   20120401.0000
 2012.2902  -4.8416955556E-04  1.2676  0.4281 -0.5005   20120401.0000   20120501.0000
 2012.3724  -4.8416951212E-04  1.7020  0.3726 -0.3208   20120501.0000   20120601.0000
 2012.4573  -4.8416954533E-04  1.3699  0.4343  0.1601   20120601.0000   20120701.0000
 2012.5394  -4.8416975917E-04 -0.7685  0.3642 -1.0122   20120701.0000   20120801.0000
 2012.6243  -4.8416975046E-04 -0.6814  0.3777 -1.0141   20120801.0000   20120901.0000
 2012.7091  -4.8416973616E-04 -0.5384  0.4249 -0.9646   20120901.0000   20121001.0000
 2012.7913  -4.8416957027E-04  1.1205  0.4044  0.3368   20121001.0000   20121101.0000
 2012.8761  -4.8416951424E-04  1.6808  0.5027  0.5164   20121101.0000   20121201.0000
 2012.9583  -4.8416944910E-04  2.3322  0.5694  1.3444   20121201.0000   20130101.0000
 2013.0411  -4.8416947423E-04  2.0809  0.4621  0.6178   20130101.0000   20130201.0000
 2013.1232  -4.8416949718E-04  1.8514  0.4541  0.5126   20130201.0000   20130301.0000
 2013.2026  -4.8416950333E-04  1.7899  0.4628  0.0755   20130301.0000   20130401.0000
 2013.2875  -4.8416949559E-04  1.8673  0.4354 -0.2228   20130401.0000   20130501.0000
 2013.3696  -4.8416953114E-04  1.5118  0.4315 -0.5463   20130501.0000   20130601.0000
 2013.4545  -4.8416951405E-04  1.6827  0.4405 -0.0478   20130601.0000   20130701.0000
 2013.5367  -4.8416971979E-04 -0.3747  0.4438 -0.6874   20130701.0000   20130801.0000
 2013.6215  -4.8416968542E-04 -0.0310  0.4475 -0.0170   20130801.0000   20130901.0000
 2013.7064  -4.8416964282E-04  0.3950  0.4261  0.1214   20130901.0000   20131001.0000
 2013.7885  -4.8416967715E-04  0.0517  0.4335 -0.5361   20131001.0000   20131101.0000
 2013.8734  -4.8416958730E-04  0.9502  0.4862  0.3409   20131101.0000   20131201.0000
 2013.9555  -4.8416942434E-04  2.5798  0.4502  0.8948   20131201.0000   20140101.0000
 2014.0411  -4.8416946072E-04  2.2160  0.4260  0.8384   20140101.0000   20140201.0000
 2014.1232  -4.8416941700E-04  2.6532  0.4486  0.9862   20140201.0000   20140301.0000
 2014.2026  -4.8416952522E-04  1.5710  0.4076 -0.0239   20140301.0000   20140401.0000
 2014.2875  -4.8416953416E-04  1.4816  0.4329 -0.1620   20140401.0000   20140501.0000
 2014.3696  -4.8416947815E-04  2.0417  0.4237  0.1661   20140501.0000   20140601.0000
 2014.4545  -4.8416959573E-04  0.8659  0.3958 -0.5008   20140601.0000   20140701.0000
 2014.5367  -4.8416970766E-04 -0.2534  0.3911 -1.2148   20140701.0000   20140801.0000
 2014.6215  -4.8416972480E-04 -0.4248  0.3986 -0.8529   20140801.0000   20140901.0000
 2014.7064  -4.8416967613E-04  0.0619  0.4536 -0.0032   20140901.0000   20141001.0000
 2014.7885  -4.8416967170E-04  0.1062  0.4208 -0.2103   20141001.0000   20141101.0000
 2014.8734  -4.8416950383E-04  1.7849  0.4441  0.7215   20141101.0000   20141201.0000
 2014.9555  -4.8416958924E-04  0.9308  0.4545  0.2112   20141201.0000   20150101.0000
 2015.0411  -4.8416958063E-04  1.0169  0.5015  0.3182   20150101.0000   20150201.0000
 2015.1232  -4.8416950546E-04  1.7686  0.5879  0.2054   20150201.0000   20150301.0000
 2015.2026  -4.8416953817E-04  1.4415  0.4242 -0.0747   20150301.0000   20150401.0000
 2015.2875  -4.8416958887E-04  0.9345  0.4350 -0.5216   20150401.0000   20150501.0000
 2015.3696  -4.8416958231E-04  1.0001  0.3877 -0.3143   20150501.0000   20150601.0000
 2015.4545  -4.8416960909E-04  0.7323  0.4055 -0.5238   20150601.0000   20150701.0000
 2015.5367  -4.8416974852E-04 -0.6620  0.4062 -1.1478   20150701.0000   20150801.0000
 2015.6215  -4.8416975143E-04 -0.6911  0.3924 -0.9295   20150801.0000   20150901.0000
 2015.7064  -4.8416969333E-04 -0.1101  0.4325 -0.3989   20150901.0000   20151001.0000
 2015.7885  -4.8416963385E-04  0.4847  0.4391 -0.2774   20151001.0000   20151101.0000
 2015.8734  -4.8416955908E-04  1.2324  0.4875  0.2358   20151101.0000   20151201.0000
 2015.9555  -4.8416952223E-04  1.6009  0.4364  0.1808   20151201.0000   20160101.0000
 2016.0411  -4.8416946249E-04  2.1983  0.5457  0.6942   20160101.0000   20160201.0000
 2016.1232  -4.8416946353E-04  2.1879  0.4191 -0.0115   20160201.0000   20160301.0000
 2016.2054  -4.8416957209E-04  1.1023  0.4650 -0.6330   20160301.0000   20160401.0000
 2016.2902  -4.8416945297E-04  2.2935  0.4915 -0.0128   20160401.0000   20160501.0000
 2016.3724  -4.8416949566E-04  1.8666  0.4773 -0.1327   20160501.0000   20160601.0000
 2016.4573  -4.8416964119E-04  0.4113  0.5071 -1.0220   20160601.0000   20160701.0000
 2016.5394  -4.8416970112E-04 -0.1880  0.5256 -0.4024   20160701.0000   20160801.0000
 2016.6243  -4.8416964423E-04  0.3809  0.4396  0.0501   20160801.0000   20160901.0000
 2016.7091  -4.8416976911E-04 -0.8679  0.4364 -0.7915   20160901.0000   20161001.0000
 2016.7913  -4.8416956392E-04  1.1840  0.4323  0.8640   20161001.0000   20161101.0000
 2016.8761  -4.8416949737E-04  1.8495  0.4706  0.8592   20161101.0000   20161201.0000
 2016.9583  -4.8416941885E-04  2.6347  0.5340  1.1022   20161201.0000   20170101.0000
 2017.0411  -4.8416942302E-04  2.5930  0.4892  1.3614   20170101.0000   20170201.0000
 2017.1232  -4.8416942791E-04  2.5441  0.4783  0.9991   20170201.0000   20170301.0000
 2017.2026  -4.8416946884E-04  2.1348  0.4285  0.8361   20170301.0000   20170401.0000
 2017.2875  -4.8416955443E-04  1.2789  0.4227 -0.0484   20170401.0000   20170501.0000
 2017.3696  -4.8416953091E-04  1.5141  0.4131 -0.1292   20170501.0000   20170601.0000
 2017.4545  -4.8416957483E-04  1.0749  0.4227 -0.4249   20170601.0000   20170701.0000
 2017.5367  -4.8416971250E-04 -0.3018  0.4518 -0.6836   20170701.0000   20170801.0000
 2017.6215  -4.8416975624E-04 -0.7392  0.4052 -0.4987   20170801.0000   20170901.0000
 2017.7064  -4.8416974141E-04 -0.5909  0.4797 -0.2627   20170901.0000   20171001.0000
 2017.7885  -4.8416963097E-04  0.5135  0.4184  0.3630   20171001.0000   20171101.0000
 2017.8734  -4.8416960295E-04  0.7937  0.4785  0.3452   20171101.0000   20171201.0000
 2017.9555  -4.8416949934E-04  1.8298  0.5279  0.7105   20171201.0000   20180101.0000
 2018.0411  -4.8416942840E-04  2.5392  0.4332  1.0588   20180101.0000   20180201.0000
 2018.1232  -4.8416937342E-04  3.0890  0.5096  1.1566   20180201.0000   20180301.0000
 2018.2026  -4.8416945574E-04  2.2658  0.4832  0.4159   20180301.0000   20180401.0000
 2018.2875  -4.8416945175E-04  2.3057  0.5054  0.1449   20180401.0000   20180501.0000
 2018.3696  -4.8416954173E-04  1.4059  0.4412  0.0115   20180501.0000   20180601.0000
 2018.4545  -4.8416952739E-04  1.5493  0.5063 -0.0662   20180601.0000   20180701.0000
 2018.5367  -4.8416970532E-04 -0.2300  0.4468 -0.5029   20180701.0000   20180801.0000
 2018.6215  -4.8416971733E-04 -0.3501  0.4526 -0.6106   20180801.0000   20180901.0000
 2018.7064  -4.8416968196E-04  0.0036  0.4859 -0.4081   20180901.0000   20181001.0000
 2018.7885  -4.8416967717E-04  0.0515  0.4850 -0.0753   20181001.0000   20181101.0000
 2018.8734  -4.8416955886E-04  1.2346  0.5541  0.3836   20181101.0000   20181201.0000
 2018.9555  -4.8416950874E-04  1.7358  0.5694  0.7545   20181201.0000   20190101.0000
 2019.0411  -4.8416953030E-04  1.5202  0.5237  0.4098   20190101.0000   20190201.0000
 2019.1232  -4.8416942518E-04  2.5714  0.5131  1.1600   20190201.0000   20190301.0000
 2019.2026  -4.8416954937E-04  1.3295  0.4121  0.0141   20190301.0000   20190401.0000
 2019.2875  -4.8416948082E-04  2.0150  0.3949  0.1453   20190401.0000   20190501.0000
 2019.3696  -4.8416949730E-04  1.8502  0.4415  0.1009   20190501.0000   20190601.0000
 2019.4545  -4.8416961717E-04  0.6515  0.5177 -0.6739   20190601.0000   20190701.0000
 2019.5367  -4.8416972702E-04 -0.4470  0.4564 -0.3033   20190701.0000   20190801.0000
 2019.6215  -4.8416962909E-04  0.5323  0.4453 -0.0894   20190801.0000   20190901.0000
 2019.7064  -4.8416976598E-04 -0.8366  0.4280 -0.5339   20190901.0000   20191001.0000
