 2000.0601   -4.8416943724721E-04
 2000.0792   -4.8416942880376E-04
 2000.0984   -4.8416942235839E-04
 2000.1175   -4.8416941374578E-04
 2000.1366   -4.8416943151842E-04
 2000.1557   -4.8416944373581E-04
 2000.1749   -4.8416943936358E-04
 2000.1940   -4.8416943572963E-04
 2000.2131   -4.8416943860055E-04
 2000.2322   -4.8416944097983E-04
 2000.2514   -4.8416944513627E-04
 2000.2705   -4.8416943285589E-04
 2000.2896   -4.8416942929123E-04
 2000.3087   -4.8416941642683E-04
 2000.3279   -4.8416940644799E-04
 2000.3470   -4.8416939996171E-04
 2000.3661   -4.8416939337193E-04
 2000.3852   -4.8416939712907E-04
 2000.4044   -4.8416940967640E-04
 2000.4235   -4.8416942110575E-04
 2000.4426   -4.8416942630177E-04
 2000.4617   -4.8416943763853E-04
 2000.4809   -4.8416944175831E-04
 2000.5000   -4.8416946116638E-04
 2000.5191   -4.8416947315319E-04
 2000.5383   -4.8416946138406E-04
 2000.5574   -4.8416946930058E-04
 2000.5765   -4.8416948231307E-04
 2000.5956   -4.8416948884564E-04
 2000.6148   -4.8416950356058E-04
 2000.6339   -4.8416951710146E-04
 2000.6530   -4.8416952281718E-04
 2000.6721   -4.8416952693500E-04
 2000.6913   -4.8416952518314E-04
 2000.7104   -4.8416952488890E-04
 2000.7295   -4.8416953377684E-04
 2000.7486   -4.8416956324483E-04
 2000.7678   -4.8416955796398E-04
 2000.7869   -4.8416954880896E-04
 2000.8060   -4.8416954170668E-04
 2000.8251   -4.8416953681702E-04
 2000.8443   -4.8416954903636E-04
 2000.8634   -4.8416955016602E-04
 2000.8825   -4.8416954140870E-04
 2000.9016   -4.8416950898466E-04
 2000.9208   -4.8416947899649E-04
 2000.9399   -4.8416945793492E-04
 2000.9590   -4.8416943967698E-04
 2000.9781   -4.8416944236659E-04
 2000.9973   -4.8416946071779E-04
 2001.0164   -4.8416947294446E-04
 2001.0356   -4.8416949035069E-04
 2001.0548   -4.8416949514980E-04
 2001.0740   -4.8416948761517E-04
 2001.0932   -4.8416948994133E-04
 2001.1123   -4.8416947633905E-04
 2001.1315   -4.8416947724123E-04
 2001.1507   -4.8416948351629E-04
 2001.1699   -4.8416947545716E-04
 2001.1890   -4.8416945300371E-04
 2001.2082   -4.8416942566469E-04
 2001.2274   -4.8416940197188E-04
 2001.2466   -4.8416939379979E-04
 2001.2658   -4.8416939397131E-04
 2001.2849   -4.8416940193894E-04
 2001.3041   -4.8416939606309E-04
 2001.3233   -4.8416937311649E-04
 2001.3425   -4.8416937720689E-04
 2001.3616   -4.8416935873392E-04
 2001.3808   -4.8416935042204E-04
 2001.4000   -4.8416935134722E-04
 2001.4192   -4.8416934994229E-04
 2001.4384   -4.8416937976034E-04
 2001.4575   -4.8416940338117E-04
 2001.4767   -4.8416941334665E-04
 2001.4959   -4.8416943512214E-04
 2001.5151   -4.8416944018401E-04
 2001.5342   -4.8416945665509E-04
 2001.5534   -4.8416948458882E-04
 2001.5726   -4.8416949635714E-04
 2001.5918   -4.8416950737397E-04
 2001.6110   -4.8416950407104E-04
 2001.6301   -4.8416950059278E-04
 2001.6493   -4.8416950449306E-04
 2001.6685   -4.8416951383480E-04
 2001.6877   -4.8416952109985E-04
 2001.7068   -4.8416952198150E-04
 2001.7260   -4.8416951183195E-04
 2001.7452   -4.8416950782796E-04
 2001.7644   -4.8416949984165E-04
 2001.7836   -4.8416948151400E-04
 2001.8027   -4.8416947824773E-04
 2001.8219   -4.8416946672127E-04
 2001.8411   -4.8416947718474E-04
 2001.8603   -4.8416947483293E-04
 2001.8795   -4.8416944839004E-04
 2001.8986   -4.8416942499075E-04
 2001.9178   -4.8416937788969E-04
 2001.9370   -4.8416936620339E-04
 2001.9562   -4.8416938213202E-04
 2001.9753   -4.8416938839433E-04
 2001.9945   -4.8416939657991E-04
 2002.0137   -4.8416940504411E-04
 2002.0329   -4.8416939648021E-04
 2002.0521   -4.8416940205620E-04
 2002.0712   -4.8416939827437E-04
 2002.0904   -4.8416939783659E-04
 2002.1096   -4.8416939452361E-04
 2002.1288   -4.8416940571414E-04
 2002.1479   -4.8416943261173E-04
 2002.1671   -4.8416944221865E-04
 2002.1863   -4.8416942697662E-04
 2002.2055   -4.8416940207502E-04
 2002.2247   -4.8416936031490E-04
 2002.2438   -4.8416933850248E-04
 2002.2630   -4.8416933019958E-04
 2002.2822   -4.8416931682040E-04
 2002.3014   -4.8416932892183E-04
 2002.3205   -4.8416932872426E-04
 2002.3397   -4.8416932652834E-04
 2002.3589   -4.8416934273655E-04
 2002.3781   -4.8416934305175E-04
 2002.3973   -4.8416934552205E-04
 2002.4164   -4.8416935778417E-04
 2002.4356   -4.8416936706354E-04
 2002.4548   -4.8416938586661E-04
 2002.4740   -4.8416941432087E-04
 2002.4932   -4.8416943215377E-04
 2002.5123   -4.8416943847148E-04
 2002.5315   -4.8416945737744E-04
 2002.5507   -4.8416945865223E-04
 2002.5699   -4.8416946750373E-04
 2002.5890   -4.8416946933770E-04
 2002.6082   -4.8416946539217E-04
 2002.6274   -4.8416947122531E-04
 2002.6466   -4.8416947800887E-04
 2002.6658   -4.8416948733536E-04
 2002.6849   -4.8416948388608E-04
 2002.7041   -4.8416947286562E-04
 2002.7233   -4.8416946950270E-04
 2002.7425   -4.8416946978900E-04
 2002.7616   -4.8416946247334E-04
 2002.7808   -4.8416945470831E-04
 2002.8000   -4.8416944642551E-04
 2002.8192   -4.8416943559865E-04
 2002.8384   -4.8416943412474E-04
 2002.8575   -4.8416943328591E-04
 2002.8767   -4.8416942047383E-04
 2002.8959   -4.8416942107248E-04
 2002.9151   -4.8416941201894E-04
 2002.9342   -4.8416941162861E-04
 2002.9534   -4.8416942086682E-04
 2002.9726   -4.8416941718183E-04
 2002.9918   -4.8416940411579E-04
 2003.0110   -4.8416938726603E-04
 2003.0301   -4.8416938102408E-04
 2003.0493   -4.8416938099378E-04
 2003.0685   -4.8416939880067E-04
 2003.0877   -4.8416941421134E-04
 2003.1068   -4.8416941853167E-04
 2003.1260   -4.8416940809909E-04
 2003.1452   -4.8416938959333E-04
 2003.1644   -4.8416938166066E-04
 2003.1836   -4.8416937074994E-04
 2003.2027   -4.8416935858517E-04
 2003.2219   -4.8416936246195E-04
 2003.2411   -4.8416936300905E-04
 2003.2603   -4.8416937475985E-04
 2003.2795   -4.8416938754381E-04
 2003.2986   -4.8416937760213E-04
 2003.3178   -4.8416937223884E-04
 2003.3370   -4.8416937528084E-04
 2003.3562   -4.8416938590892E-04
 2003.3753   -4.8416939273626E-04
 2003.3945   -4.8416938592369E-04
 2003.4137   -4.8416938298280E-04
 2003.4329   -4.8416938320456E-04
 2003.4521   -4.8416939578630E-04
 2003.4712   -4.8416942169039E-04
 2003.4904   -4.8416945271056E-04
 2003.5096   -4.8416947568194E-04
 2003.5288   -4.8416948915367E-04
 2003.5479   -4.8416950210764E-04
 2003.5671   -4.8416950514706E-04
 2003.5863   -4.8416951675958E-04
 2003.6055   -4.8416952390509E-04
 2003.6247   -4.8416953397831E-04
 2003.6438   -4.8416954546118E-04
 2003.6630   -4.8416953700330E-04
 2003.6822   -4.8416952910615E-04
 2003.7014   -4.8416950328946E-04
 2003.7205   -4.8416949765021E-04
 2003.7397   -4.8416949736995E-04
 2003.7589   -4.8416950141101E-04
 2003.7781   -4.8416951141249E-04
 2003.7973   -4.8416950616465E-04
 2003.8164   -4.8416947615639E-04
 2003.8356   -4.8416945494752E-04
 2003.8548   -4.8416944924667E-04
 2003.8740   -4.8416944706423E-04
 2003.8932   -4.8416946168234E-04
 2003.9123   -4.8416944556466E-04
 2003.9315   -4.8416943059867E-04
 2003.9507   -4.8416941806055E-04
 2003.9699   -4.8416940845896E-04
 2003.9890   -4.8416940852536E-04
 2004.0082   -4.8416940452787E-04
 2004.0273   -4.8416940216715E-04
 2004.0464   -4.8416940800369E-04
 2004.0656   -4.8416941394977E-04
 2004.0847   -4.8416941723980E-04
 2004.1038   -4.8416942174200E-04
 2004.1230   -4.8416942320552E-04
 2004.1421   -4.8416943702132E-04
 2004.1612   -4.8416943992334E-04
 2004.1803   -4.8416942443718E-04
 2004.1995   -4.8416941882221E-04
 2004.2186   -4.8416941669935E-04
 2004.2377   -4.8416941127938E-04
 2004.2568   -4.8416942383274E-04
 2004.2760   -4.8416939853131E-04
 2004.2951   -4.8416936972564E-04
 2004.3142   -4.8416937350317E-04
 2004.3333   -4.8416937393992E-04
 2004.3525   -4.8416937632679E-04
 2004.3716   -4.8416937330591E-04
 2004.3907   -4.8416935709980E-04
 2004.4098   -4.8416935637996E-04
 2004.4290   -4.8416937247762E-04
 2004.4481   -4.8416938749932E-04
 2004.4672   -4.8416940804360E-04
 2004.4863   -4.8416942416489E-04
 2004.5055   -4.8416944077037E-04
 2004.5246   -4.8416946396156E-04
 2004.5437   -4.8416948549145E-04
 2004.5628   -4.8416949639090E-04
 2004.5820   -4.8416948721621E-04
 2004.6011   -4.8416948448446E-04
 2004.6202   -4.8416948152495E-04
 2004.6393   -4.8416947916842E-04
 2004.6585   -4.8416948513431E-04
 2004.6776   -4.8416948669495E-04
 2004.6967   -4.8416948640338E-04
 2004.7158   -4.8416947821787E-04
 2004.7350   -4.8416947870311E-04
 2004.7541   -4.8416946297364E-04
 2004.7732   -4.8416944892798E-04
 2004.7923   -4.8416943816396E-04
 2004.8115   -4.8416943138931E-04
 2004.8306   -4.8416944530390E-04
 2004.8497   -4.8416946065913E-04
 2004.8689   -4.8416944705290E-04
 2004.8880   -4.8416941241371E-04
 2004.9071   -4.8416938081569E-04
 2004.9262   -4.8416935971064E-04
 2004.9454   -4.8416935666069E-04
 2004.9645   -4.8416937061487E-04
 2004.9836   -4.8416938656634E-04
 2005.0027   -4.8416939287209E-04
 2005.0219   -4.8416938856602E-04
 2005.0411   -4.8416939189576E-04
 2005.0603   -4.8416939372156E-04
 2005.0795   -4.8416939223076E-04
 2005.0986   -4.8416938221612E-04
 2005.1178   -4.8416937435683E-04
 2005.1370   -4.8416936639347E-04
 2005.1562   -4.8416937334353E-04
 2005.1753   -4.8416936977893E-04
 2005.1945   -4.8416935392205E-04
 2005.2137   -4.8416933826160E-04
 2005.2329   -4.8416931462305E-04
 2005.2521   -4.8416931152058E-04
 2005.2712   -4.8416931632793E-04
 2005.2904   -4.8416930958925E-04
 2005.3096   -4.8416930693179E-04
 2005.3288   -4.8416931180433E-04
 2005.3479   -4.8416931341794E-04
 2005.3671   -4.8416930888270E-04
 2005.3863   -4.8416930485980E-04
 2005.4055   -4.8416929638994E-04
 2005.4247   -4.8416930634114E-04
 2005.4438   -4.8416933076316E-04
 2005.4630   -4.8416934470428E-04
 2005.4822   -4.8416936431830E-04
 2005.5014   -4.8416938950705E-04
 2005.5205   -4.8416940789077E-04
 2005.5397   -4.8416943372210E-04
 2005.5589   -4.8416945484511E-04
 2005.5781   -4.8416945480514E-04
 2005.5973   -4.8416945174191E-04
 2005.6164   -4.8416945790679E-04
 2005.6356   -4.8416946015317E-04
 2005.6548   -4.8416946530048E-04
 2005.6740   -4.8416947099948E-04
 2005.6932   -4.8416946739318E-04
 2005.7123   -4.8416946082083E-04
 2005.7315   -4.8416944863670E-04
 2005.7507   -4.8416944168676E-04
 2005.7699   -4.8416943482176E-04
 2005.7890   -4.8416943027311E-04
 2005.8082   -4.8416942198452E-04
 2005.8274   -4.8416942391176E-04
 2005.8466   -4.8416942801256E-04
 2005.8658   -4.8416943283797E-04
 2005.8849   -4.8416942993733E-04
 2005.9041   -4.8416942526018E-04
 2005.9233   -4.8416942258306E-04
 2005.9425   -4.8416942242420E-04
 2005.9616   -4.8416942116017E-04
 2005.9808   -4.8416942010404E-04
 2006.0000   -4.8416940579058E-04
 2006.0192   -4.8416939928502E-04
 2006.0384   -4.8416942447579E-04
 2006.0575   -4.8416943729977E-04
 2006.0767   -4.8416945240252E-04
 2006.0959   -4.8416944567839E-04
 2006.1151   -4.8416942737745E-04
 2006.1342   -4.8416942358640E-04
 2006.1534   -4.8416942210087E-04
 2006.1726   -4.8416941905558E-04
 2006.1918   -4.8416940195246E-04
 2006.2110   -4.8416938510296E-04
 2006.2301   -4.8416937879570E-04
 2006.2493   -4.8416937606991E-04
 2006.2685   -4.8416939119789E-04
 2006.2877   -4.8416938764663E-04
 2006.3068   -4.8416939338889E-04
 2006.3260   -4.8416939138643E-04
 2006.3452   -4.8416938612746E-04
 2006.3644   -4.8416940115854E-04
 2006.3836   -4.8416939684455E-04
 2006.4027   -4.8416939136001E-04
 2006.4219   -4.8416938915276E-04
 2006.4411   -4.8416938090695E-04
 2006.4603   -4.8416938953852E-04
 2006.4795   -4.8416940289301E-04
 2006.4986   -4.8416943328374E-04
 2006.5178   -4.8416945188896E-04
 2006.5370   -4.8416947585377E-04
 2006.5562   -4.8416948247988E-04
 2006.5753   -4.8416948428100E-04
 2006.5945   -4.8416948373057E-04
 2006.6137   -4.8416947042091E-04
 2006.6329   -4.8416945555116E-04
 2006.6521   -4.8416944635149E-04
 2006.6712   -4.8416945393011E-04
 2006.6904   -4.8416946122771E-04
 2006.7096   -4.8416947500551E-04
 2006.7288   -4.8416948343464E-04
 2006.7479   -4.8416949518834E-04
 2006.7671   -4.8416948787498E-04
 2006.7863   -4.8416947588233E-04
 2006.8055   -4.8416945703357E-04
 2006.8247   -4.8416944039736E-04
 2006.8438   -4.8416944033100E-04
 2006.8630   -4.8416943021299E-04
 2006.8822   -4.8416941843518E-04
 2006.9014   -4.8416940849741E-04
 2006.9205   -4.8416940651100E-04
 2006.9397   -4.8416940529166E-04
 2006.9589   -4.8416941475100E-04
 2006.9781   -4.8416941741454E-04
 2006.9973   -4.8416941254318E-04
 2007.0164   -4.8416943824392E-04
 2007.0356   -4.8416944093432E-04
 2007.0548   -4.8416944828584E-04
 2007.0740   -4.8416944866729E-04
 2007.0932   -4.8416941931728E-04
 2007.1123   -4.8416940715764E-04
 2007.1315   -4.8416938425496E-04
 2007.1507   -4.8416938542815E-04
 2007.1699   -4.8416938052011E-04
 2007.1890   -4.8416937639393E-04
 2007.2082   -4.8416937751636E-04
 2007.2274   -4.8416937387442E-04
 2007.2466   -4.8416939780977E-04
 2007.2658   -4.8416940777606E-04
 2007.2849   -4.8416941531669E-04
 2007.3041   -4.8416940119979E-04
 2007.3233   -4.8416937963811E-04
 2007.3425   -4.8416936662099E-04
 2007.3616   -4.8416935649048E-04
 2007.3808   -4.8416936219219E-04
 2007.4000   -4.8416935928588E-04
 2007.4192   -4.8416937303337E-04
 2007.4384   -4.8416938869661E-04
 2007.4575   -4.8416940234524E-04
 2007.4767   -4.8416941776587E-04
 2007.4959   -4.8416943515786E-04
 2007.5151   -4.8416944269820E-04
 2007.5342   -4.8416946639203E-04
 2007.5534   -4.8416947701935E-04
 2007.5726   -4.8416948060964E-04
 2007.5918   -4.8416949377258E-04
 2007.6110   -4.8416949147850E-04
 2007.6301   -4.8416949091279E-04
 2007.6493   -4.8416948653851E-04
 2007.6685   -4.8416946083280E-04
 2007.6877   -4.8416945443508E-04
 2007.7068   -4.8416946348293E-04
 2007.7260   -4.8416947086074E-04
 2007.7452   -4.8416949141394E-04
 2007.7644   -4.8416951320319E-04
 2007.7836   -4.8416951306627E-04
 2007.8027   -4.8416952046177E-04
 2007.8219   -4.8416951747955E-04
 2007.8411   -4.8416951499329E-04
 2007.8603   -4.8416951853684E-04
 2007.8795   -4.8416951493792E-04
 2007.8986   -4.8416951112310E-04
 2007.9178   -4.8416949852213E-04
 2007.9370   -4.8416947409323E-04
 2007.9562   -4.8416946002479E-04
 2007.9753   -4.8416944932139E-04
 2007.9945   -4.8416944064300E-04
 2008.0137   -4.8416943831938E-04
 2008.0328   -4.8416945352061E-04
 2008.0519   -4.8416946942954E-04
 2008.0710   -4.8416949006277E-04
 2008.0902   -4.8416948208775E-04
 2008.1093   -4.8416947332092E-04
 2008.1284   -4.8416946231967E-04
 2008.1475   -4.8416945620930E-04
 2008.1667   -4.8416946271935E-04
 2008.1858   -4.8416944682499E-04
 2008.2049   -4.8416944058439E-04
 2008.2240   -4.8416943006366E-04
 2008.2432   -4.8416940896623E-04
 2008.2623   -4.8416939653655E-04
 2008.2814   -4.8416937718422E-04
 2008.3005   -4.8416936376123E-04
 2008.3197   -4.8416935114036E-04
 2008.3388   -4.8416935483762E-04
 2008.3579   -4.8416936430007E-04
 2008.3770   -4.8416938621594E-04
 2008.3962   -4.8416940836265E-04
 2008.4153   -4.8416942573087E-04
 2008.4344   -4.8416944401911E-04
 2008.4536   -4.8416946201556E-04
 2008.4727   -4.8416948778254E-04
 2008.4918   -4.8416951061222E-04
 2008.5109   -4.8416952509407E-04
 2008.5301   -4.8416953262097E-04
 2008.5492   -4.8416952700585E-04
 2008.5683   -4.8416951837068E-04
 2008.5874   -4.8416952683609E-04
 2008.6066   -4.8416953902214E-04
 2008.6257   -4.8416954183224E-04
 2008.6448   -4.8416953973402E-04
 2008.6639   -4.8416952462317E-04
 2008.6831   -4.8416950848856E-04
 2008.7022   -4.8416948998509E-04
 2008.7213   -4.8416949060152E-04
 2008.7404   -4.8416951854718E-04
 2008.7596   -4.8416950860914E-04
 2008.7787   -4.8416950809203E-04
 2008.7978   -4.8416950146813E-04
 2008.8169   -4.8416948527990E-04
 2008.8361   -4.8416950377213E-04
 2008.8552   -4.8416951161137E-04
 2008.8743   -4.8416952088283E-04
 2008.8934   -4.8416952638280E-04
 2008.9126   -4.8416951827866E-04
 2008.9317   -4.8416951590941E-04
 2008.9508   -4.8416951782393E-04
 2008.9699   -4.8416949741335E-04
 2008.9891   -4.8416946629383E-04
 2009.0082   -4.8416945684522E-04
 2009.0274   -4.8416945421824E-04
 2009.0466   -4.8416946494661E-04
 2009.0658   -4.8416947433589E-04
 2009.0849   -4.8416948701381E-04
 2009.1041   -4.8416948870225E-04
 2009.1233   -4.8416948493495E-04
 2009.1425   -4.8416949034553E-04
 2009.1616   -4.8416948008620E-04
 2009.1808   -4.8416947545936E-04
 2009.2000   -4.8416947738210E-04
 2009.2192   -4.8416947211604E-04
 2009.2384   -4.8416946154628E-04
 2009.2575   -4.8416945964343E-04
 2009.2767   -4.8416944407882E-04
 2009.2959   -4.8416944086123E-04
 2009.3151   -4.8416943281430E-04
 2009.3342   -4.8416943356932E-04
 2009.3534   -4.8416944220063E-04
 2009.3726   -4.8416944475339E-04
 2009.3918   -4.8416943176419E-04
 2009.4110   -4.8416942371253E-04
 2009.4301   -4.8416942998202E-04
 2009.4493   -4.8416944001236E-04
 2009.4685   -4.8416946528910E-04
 2009.4877   -4.8416946387359E-04
 2009.5068   -4.8416945688408E-04
 2009.5260   -4.8416946608049E-04
 2009.5452   -4.8416948497985E-04
 2009.5644   -4.8416949668827E-04
 2009.5836   -4.8416950446247E-04
 2009.6027   -4.8416949480154E-04
 2009.6219   -4.8416948709437E-04
 2009.6411   -4.8416950492004E-04
 2009.6603   -4.8416951422454E-04
 2009.6795   -4.8416951272300E-04
 2009.6986   -4.8416951801740E-04
 2009.7178   -4.8416951298755E-04
 2009.7370   -4.8416950186930E-04
 2009.7562   -4.8416949891471E-04
 2009.7753   -4.8416949534638E-04
 2009.7945   -4.8416948834209E-04
 2009.8137   -4.8416950380349E-04
 2009.8329   -4.8416951618155E-04
 2009.8521   -4.8416950638110E-04
 2009.8712   -4.8416950327100E-04
 2009.8904   -4.8416948547776E-04
 2009.9096   -4.8416946100410E-04
 2009.9288   -4.8416944411561E-04
 2009.9479   -4.8416943842169E-04
 2009.9671   -4.8416944676271E-04
 2009.9863   -4.8416944891064E-04
 2010.0055   -4.8416945179084E-04
 2010.0247   -4.8416944282179E-04
 2010.0438   -4.8416943265311E-04
 2010.0630   -4.8416945230471E-04
 2010.0822   -4.8416945904208E-04
 2010.1014   -4.8416946416010E-04
 2010.1205   -4.8416947309133E-04
 2010.1397   -4.8416948127632E-04
 2010.1589   -4.8416948502426E-04
 2010.1781   -4.8416946791970E-04
 2010.1973   -4.8416945037227E-04
 2010.2164   -4.8416943004036E-04
 2010.2356   -4.8416943421349E-04
 2010.2548   -4.8416945681859E-04
 2010.2740   -4.8416947069787E-04
 2010.2932   -4.8416946846500E-04
 2010.3123   -4.8416945407292E-04
 2010.3315   -4.8416942348558E-04
 2010.3507   -4.8416940708352E-04
 2010.3699   -4.8416939824377E-04
 2010.3890   -4.8416940849925E-04
 2010.4082   -4.8416941887276E-04
 2010.4274   -4.8416942915521E-04
 2010.4466   -4.8416945143289E-04
 2010.4658   -4.8416946463293E-04
 2010.4849   -4.8416947967997E-04
 2010.5041   -4.8416949726333E-04
 2010.5233   -4.8416952252474E-04
 2010.5425   -4.8416955777931E-04
 2010.5616   -4.8416959593729E-04
 2010.5808   -4.8416960244372E-04
 2010.6000   -4.8416959100661E-04
 2010.6192   -4.8416958459769E-04
 2010.6384   -4.8416957056054E-04
 2010.6575   -4.8416957060953E-04
 2010.6767   -4.8416957982866E-04
 2010.6959   -4.8416958248572E-04
 2010.7151   -4.8416958688188E-04
 2010.7342   -4.8416959404274E-04
 2010.7534   -4.8416959726671E-04
 2010.7726   -4.8416959387863E-04
 2010.7918   -4.8416958676727E-04
 2010.8110   -4.8416957297861E-04
 2010.8301   -4.8416956139052E-04
 2010.8493   -4.8416955615456E-04
 2010.8685   -4.8416953778276E-04
 2010.8877   -4.8416951727215E-04
 2010.9068   -4.8416950438875E-04
 2010.9260   -4.8416949120275E-04
 2010.9452   -4.8416949881425E-04
 2010.9644   -4.8416949130245E-04
 2010.9836   -4.8416947828819E-04
 2011.0027   -4.8416946135505E-04
 2011.0219   -4.8416948018601E-04
 2011.0411   -4.8416950818092E-04
 2011.0603   -4.8416951729844E-04
 2011.0795   -4.8416952395242E-04
 2011.0986   -4.8416951332262E-04
 2011.1178   -4.8416949473713E-04
 2011.1370   -4.8416949872534E-04
 2011.1562   -4.8416951193421E-04
 2011.1753   -4.8416952173903E-04
 2011.1945   -4.8416952058240E-04
 2011.2137   -4.8416952448274E-04
 2011.2329   -4.8416952177235E-04
 2011.2521   -4.8416952402347E-04
 2011.2712   -4.8416952378481E-04
 2011.2904   -4.8416950763643E-04
 2011.3096   -4.8416947668062E-04
 2011.3288   -4.8416944932808E-04
 2011.3479   -4.8416945741525E-04
 2011.3671   -4.8416947008574E-04
 2011.3863   -4.8416947323461E-04
 2011.4055   -4.8416947891623E-04
 2011.4247   -4.8416946897039E-04
 2011.4438   -4.8416946692528E-04
 2011.4630   -4.8416949036005E-04
 2011.4822   -4.8416951499634E-04
 2011.5014   -4.8416954249301E-04
 2011.5205   -4.8416956371484E-04
 2011.5397   -4.8416958238554E-04
 2011.5589   -4.8416957520005E-04
 2011.5781   -4.8416956062530E-04
 2011.5973   -4.8416955329483E-04
 2011.6164   -4.8416955880884E-04
 2011.6356   -4.8416956554362E-04
 2011.6548   -4.8416957671377E-04
 2011.6740   -4.8416956796658E-04
 2011.6932   -4.8416956211197E-04
 2011.7123   -4.8416956464523E-04
 2011.7315   -4.8416956815430E-04
 2011.7507   -4.8416959078037E-04
 2011.7699   -4.8416960001947E-04
 2011.7890   -4.8416959929931E-04
 2011.8082   -4.8416958665332E-04
 2011.8274   -4.8416957377592E-04
 2011.8466   -4.8416957579657E-04
 2011.8658   -4.8416957617909E-04
 2011.8849   -4.8416958079368E-04
 2011.9041   -4.8416958116531E-04
 2011.9233   -4.8416957541467E-04
 2011.9425   -4.8416957760977E-04
 2011.9616   -4.8416957063999E-04
 2011.9808   -4.8416957184232E-04
 2012.0000   -4.8416957427715E-04
 2012.0191   -4.8416957362126E-04
 2012.0383   -4.8416959286700E-04
 2012.0574   -4.8416959975300E-04
 2012.0765   -4.8416959511670E-04
 2012.0956   -4.8416959358199E-04
 2012.1148   -4.8416958901793E-04
 2012.1339   -4.8416958777039E-04
 2012.1530   -4.8416959838014E-04
 2012.1721   -4.8416959945072E-04
 2012.1913   -4.8416957790638E-04
 2012.2104   -4.8416955758283E-04
 2012.2295   -4.8416954134834E-04
 2012.2486   -4.8416953211639E-04
 2012.2678   -4.8416952898840E-04
 2012.2869   -4.8416952076703E-04
 2012.3060   -4.8416950990158E-04
 2012.3251   -4.8416949481808E-04
 2012.3443   -4.8416949131409E-04
 2012.3634   -4.8416948675161E-04
 2012.3825   -4.8416949230089E-04
 2012.4016   -4.8416950851739E-04
 2012.4208   -4.8416952728582E-04
 2012.4399   -4.8416956045247E-04
 2012.4590   -4.8416958315262E-04
 2012.4781   -4.8416959910469E-04
 2012.4973   -4.8416962467280E-04
 2012.5164   -4.8416963549640E-04
 2012.5355   -4.8416963764871E-04
 2012.5546   -4.8416964133030E-04
 2012.5738   -4.8416963910449E-04
 2012.5929   -4.8416963169449E-04
 2012.6120   -4.8416962965019E-04
 2012.6311   -4.8416962597800E-04
 2012.6503   -4.8416962277533E-04
 2012.6694   -4.8416962681839E-04
 2012.6885   -4.8416963310619E-04
 2012.7077   -4.8416963838537E-04
 2012.7268   -4.8416964269428E-04
 2012.7459   -4.8416964386941E-04
 2012.7650   -4.8416962969817E-04
 2012.7842   -4.8416960794742E-04
 2012.8033   -4.8416958857795E-04
 2012.8224   -4.8416956981118E-04
 2012.8415   -4.8416955980126E-04
 2012.8607   -4.8416956326411E-04
 2012.8798   -4.8416954848563E-04
 2012.8989   -4.8416955594190E-04
 2012.9180   -4.8416957008170E-04
 2012.9372   -4.8416958271682E-04
 2012.9563   -4.8416960287774E-04
 2012.9754   -4.8416959725096E-04
 2012.9945   -4.8416957295361E-04
 2013.0137   -4.8416954675937E-04
 2013.0329   -4.8416954615129E-04
 2013.0521   -4.8416955534771E-04
 2013.0712   -4.8416956116896E-04
 2013.0904   -4.8416957675548E-04
 2013.1096   -4.8416959317077E-04
 2013.1288   -4.8416959090541E-04
 2013.1479   -4.8416959087286E-04
 2013.1671   -4.8416957752395E-04
 2013.1863   -4.8416955603583E-04
 2013.2055   -4.8416954777115E-04
 2013.2247   -4.8416954236994E-04
 2013.2438   -4.8416953441275E-04
 2013.2630   -4.8416952599030E-04
 2013.2822   -4.8416951731318E-04
 2013.3014   -4.8416950326222E-04
 2013.3205   -4.8416949948178E-04
 2013.3397   -4.8416950758101E-04
 2013.3589   -4.8416950733332E-04
 2013.3781   -4.8416951484934E-04
 2013.3973   -4.8416950587365E-04
 2013.4164   -4.8416950518315E-04
 2013.4356   -4.8416951712628E-04
 2013.4548   -4.8416952996640E-04
 2013.4740   -4.8416955960705E-04
 2013.4932   -4.8416957467232E-04
 2013.5123   -4.8416959623301E-04
 2013.5315   -4.8416961832679E-04
 2013.5507   -4.8416964419186E-04
 2013.5699   -4.8416966181942E-04
 2013.5890   -4.8416966124763E-04
 2013.6082   -4.8416967060052E-04
 2013.6274   -4.8416966757380E-04
 2013.6466   -4.8416967062014E-04
 2013.6658   -4.8416967636463E-04
 2013.6849   -4.8416966669503E-04
 2013.7041   -4.8416966743907E-04
 2013.7233   -4.8416965836799E-04
 2013.7425   -4.8416963780144E-04
 2013.7616   -4.8416961717189E-04
 2013.7808   -4.8416960178913E-04
 2013.8000   -4.8416959910347E-04
 2013.8192   -4.8416962136662E-04
 2013.8384   -4.8416964361176E-04
 2013.8575   -4.8416963938556E-04
 2013.8767   -4.8416963042681E-04
 2013.8959   -4.8416960713761E-04
 2013.9151   -4.8416958221722E-04
 2013.9342   -4.8416956622965E-04
 2013.9534   -4.8416955453629E-04
 2013.9726   -4.8416954928281E-04
 2013.9918   -4.8416954775971E-04
 2014.0110   -4.8416954375819E-04
 2014.0301   -4.8416954748166E-04
 2014.0493   -4.8416955737593E-04
 2014.0685   -4.8416956934283E-04
 2014.0877   -4.8416958589438E-04
 2014.1068   -4.8416958578098E-04
 2014.1260   -4.8416957324702E-04
 2014.1452   -4.8416957392995E-04
 2014.1644   -4.8416957005784E-04
 2014.1836   -4.8416955926179E-04
 2014.2027   -4.8416956164958E-04
 2014.2219   -4.8416955977804E-04
 2014.2411   -4.8416956571638E-04
 2014.2603   -4.8416956699423E-04
 2014.2795   -4.8416956120506E-04
 2014.2986   -4.8416955346326E-04
 2014.3178   -4.8416953918107E-04
 2014.3370   -4.8416952604781E-04
 2014.3562   -4.8416952632562E-04
 2014.3753   -4.8416951864324E-04
 2014.3945   -4.8416951594981E-04
 2014.4137   -4.8416952830114E-04
 2014.4329   -4.8416955234054E-04
 2014.4521   -4.8416957086345E-04
 2014.4712   -4.8416958357613E-04
 2014.4904   -4.8416959283022E-04
 2014.5096   -4.8416959338174E-04
 2014.5288   -4.8416959367616E-04
 2014.5479   -4.8416959779182E-04
 2014.5671   -4.8416960185256E-04
 2014.5863   -4.8416960619442E-04
 2014.6055   -4.8416961607185E-04
 2014.6247   -4.8416964008240E-04
 2014.6438   -4.8416965664038E-04
 2014.6630   -4.8416967252237E-04
 2014.6822   -4.8416968862152E-04
 2014.7014   -4.8416968337000E-04
 2014.7205   -4.8416966204814E-04
 2014.7397   -4.8416965513998E-04
 2014.7589   -4.8416965708629E-04
 2014.7781   -4.8416965021255E-04
 2014.7973   -4.8416964342895E-04
 2014.8164   -4.8416963549166E-04
 2014.8356   -4.8416961435248E-04
 2014.8548   -4.8416959776381E-04
 2014.8740   -4.8416959339400E-04
 2014.8932   -4.8416958037934E-04
 2014.9123   -4.8416959744362E-04
 2014.9315   -4.8416963205753E-04
 2014.9507   -4.8416964401440E-04
 2014.9699   -4.8416964139916E-04
 2014.9890   -4.8416962762809E-04
 2015.0082   -4.8416961076089E-04
 2015.0274   -4.8416961849648E-04
 2015.0466   -4.8416963634432E-04
 2015.0658   -4.8416964256514E-04
 2015.0849   -4.8416963559466E-04
 2015.1041   -4.8416962091219E-04
 2015.1233   -4.8416960158759E-04
 2015.1425   -4.8416959083778E-04
 2015.1616   -4.8416958688003E-04
 2015.1808   -4.8416957861587E-04
 2015.2000   -4.8416959303789E-04
 2015.2192   -4.8416959580686E-04
 2015.2384   -4.8416959610378E-04
 2015.2575   -4.8416960585961E-04
 2015.2767   -4.8416959426130E-04
 2015.2959   -4.8416958177720E-04
 2015.3151   -4.8416956840914E-04
 2015.3342   -4.8416955280491E-04
 2015.3534   -4.8416954821565E-04
 2015.3726   -4.8416955308620E-04
 2015.3918   -4.8416956382002E-04
 2015.4110   -4.8416956690644E-04
 2015.4301   -4.8416957565092E-04
 2015.4493   -4.8416958952745E-04
 2015.4685   -4.8416958818063E-04
 2015.4877   -4.8416959250547E-04
 2015.5068   -4.8416960642822E-04
 2015.5260   -4.8416961506071E-04
 2015.5452   -4.8416964273771E-04
 2015.5644   -4.8416966308403E-04
 2015.5836   -4.8416965862474E-04
 2015.6027   -4.8416965853092E-04
 2015.6219   -4.8416965676805E-04
 2015.6411   -4.8416965477266E-04
 2015.6603   -4.8416965640945E-04
 2015.6795   -4.8416965894834E-04
 2015.6986   -4.8416966480823E-04
 2015.7178   -4.8416966743561E-04
 2015.7370   -4.8416966716095E-04
 2015.7562   -4.8416965968416E-04
 2015.7753   -4.8416963772139E-04
 2015.7945   -4.8416962237335E-04
 2015.8137   -4.8416961654645E-04
 2015.8329   -4.8416961059148E-04
 2015.8521   -4.8416960246944E-04
 2015.8712   -4.8416959759814E-04
 2015.8904   -4.8416960775907E-04
 2015.9096   -4.8416961187643E-04
 2015.9288   -4.8416960301522E-04
 2015.9479   -4.8416959144537E-04
 2015.9671   -4.8416957164685E-04
 2015.9863   -4.8416955894518E-04
 2016.0055   -4.8416955341269E-04
 2016.0246   -4.8416955239282E-04
 2016.0437   -4.8416955708845E-04
 2016.0628   -4.8416955761177E-04
 2016.0820   -4.8416955630073E-04
 2016.1011   -4.8416954603029E-04
 2016.1202   -4.8416953949590E-04
 2016.1393   -4.8416954314868E-04
 2016.1585   -4.8416955345029E-04
 2016.1776   -4.8416956644742E-04
 2016.1967   -4.8416957265729E-04
 2016.2158   -4.8416957663467E-04
 2016.2350   -4.8416957185571E-04
 2016.2541   -4.8416955741676E-04
 2016.2732   -4.8416953361957E-04
 2016.2923   -4.8416950847764E-04
 2016.3115   -4.8416950035361E-04
 2016.3306   -4.8416949700039E-04
 2016.3497   -4.8416951225711E-04
 2016.3689   -4.8416952716218E-04
 2016.3880   -4.8416953329425E-04
 2016.4071   -4.8416954441210E-04
 2016.4262   -4.8416955170551E-04
 2016.4454   -4.8416956688978E-04
 2016.4645   -4.8416958307554E-04
 2016.4836   -4.8416960010156E-04
 2016.5027   -4.8416962372458E-04
 2016.5219   -4.8416965146686E-04
 2016.5410   -4.8416967272877E-04
 2016.5601   -4.8416967573089E-04
 2016.5792   -4.8416966537594E-04
 2016.5984   -4.8416965169675E-04
 2016.6175   -4.8416965036462E-04
 2016.6366   -4.8416965276967E-04
 2016.6557   -4.8416966456133E-04
 2016.6749   -4.8416968250170E-04
 2016.6940   -4.8416969249895E-04
 2016.7131   -4.8416969360200E-04
 2016.7322   -4.8416968266384E-04
 2016.7514   -4.8416967413084E-04
 2016.7705   -4.8416967108226E-04
 2016.7896   -4.8416965808606E-04
 2016.8087   -4.8416964894048E-04
 2016.8279   -4.8416964360609E-04
 2016.8470   -4.8416963214380E-04
 2016.8661   -4.8416963145927E-04
 2016.8852   -4.8416962175633E-04
 2016.9044   -4.8416959769328E-04
 2016.9235   -4.8416958695286E-04
 2016.9426   -4.8416957489656E-04
 2016.9617   -4.8416957588924E-04
 2016.9809   -4.8416958625627E-04
 2017.0000   -4.8416959186482E-04
 2017.0192   -4.8416960070145E-04
 2017.0384   -4.8416960927294E-04
 2017.0575   -4.8416960781534E-04
 2017.0767   -4.8416959348036E-04
 2017.0959   -4.8416959006663E-04
 2017.1151   -4.8416958961559E-04
 2017.1342   -4.8416959905695E-04
 2017.1534   -4.8416960281481E-04
 2017.1726   -4.8416960693655E-04
 2017.1918   -4.8416960870274E-04
 2017.2110   -4.8416961214805E-04
 2017.2301   -4.8416962874979E-04
 2017.2493   -4.8416961599332E-04
 2017.2685   -4.8416961261857E-04
 2017.2877   -4.8416960644997E-04
 2017.3068   -4.8416957904892E-04
 2017.3260   -4.8416956570661E-04
 2017.3452   -4.8416955562085E-04
 2017.3644   -4.8416953567869E-04
 2017.3836   -4.8416953829657E-04
 2017.4027   -4.8416953176997E-04
 2017.4219   -4.8416954437096E-04
 2017.4411   -4.8416956865901E-04
 2017.4603   -4.8416959919468E-04
 2017.4795   -4.8416964340500E-04
 2017.4986   -4.8416966888337E-04
 2017.5178   -4.8416968717170E-04
 2017.5370   -4.8416968869234E-04
 2017.5562   -4.8416968294462E-04
 2017.5753   -4.8416967949966E-04
 2017.5945   -4.8416968495386E-04
 2017.6137   -4.8416970281668E-04
 2017.6329   -4.8416972258494E-04
 2017.6521   -4.8416973818874E-04
 2017.6712   -4.8416974490535E-04
 2017.6904   -4.8416973765910E-04
 2017.7096   -4.8416972851705E-04
 2017.7288   -4.8416972140454E-04
 2017.7479   -4.8416971104269E-04
 2017.7671   -4.8416969625396E-04
 2017.7863   -4.8416968492335E-04
 2017.8055   -4.8416968035025E-04
 2017.8247   -4.8416967148112E-04
 2017.8438   -4.8416966782368E-04
 2017.8630   -4.8416965798824E-04
 2017.8822   -4.8416964339002E-04
 2017.9014   -4.8416963774728E-04
 2017.9205   -4.8416963132836E-04
 2017.9397   -4.8416961772721E-04
 2017.9589   -4.8416960145961E-04
 2017.9781   -4.8416959451333E-04
 2017.9973   -4.8416957455507E-04
 2018.0164   -4.8416957709406E-04
 2018.0356   -4.8416957638284E-04
 2018.0548   -4.8416957860122E-04
 2018.0740   -4.8416958670266E-04
 2018.0932   -4.8416958757977E-04
 2018.1123   -4.8416958456235E-04
 2018.1315   -4.8416957695695E-04
 2018.1507   -4.8416958432624E-04
 2018.1699   -4.8416958378349E-04
 2018.1890   -4.8416957749497E-04
 2018.2082   -4.8416957511795E-04
 2018.2274   -4.8416955931630E-04
 2018.2466   -4.8416955184832E-04
 2018.2658   -4.8416953951637E-04
 2018.2849   -4.8416952357595E-04
 2018.3041   -4.8416952224922E-04
 2018.3233   -4.8416955076821E-04
 2018.3425   -4.8416956813464E-04
 2018.3616   -4.8416958398635E-04
 2018.3808   -4.8416959433836E-04
 2018.4000   -4.8416958140219E-04
 2018.4192   -4.8416958030285E-04
 2018.4384   -4.8416959410240E-04
 2018.4575   -4.8416960622216E-04
 2018.4767   -4.8416962782530E-04
 2018.4959   -4.8416965327740E-04
 2018.5151   -4.8416966828488E-04
 2018.5342   -4.8416967526145E-04
 2018.5534   -4.8416967803133E-04
 2018.5726   -4.8416967163916E-04
 2018.5918   -4.8416967445814E-04
 2018.6110   -4.8416967822185E-04
 2018.6301   -4.8416968269492E-04
 2018.6493   -4.8416968147025E-04
 2018.6685   -4.8416968307371E-04
 2018.6877   -4.8416968063745E-04
 2018.7068   -4.8416967619369E-04
 2018.7260   -4.8416968672452E-04
 2018.7452   -4.8416968838077E-04
 2018.7644   -4.8416969783268E-04
 2018.7836   -4.8416970641964E-04
 2018.8027   -4.8416969634459E-04
 2018.8219   -4.8416968109843E-04
 2018.8411   -4.8416966785639E-04
 2018.8603   -4.8416964370266E-04
 2018.8795   -4.8416962401989E-04
 2018.8986   -4.8416961716807E-04
 2018.9178   -4.8416961531290E-04
 2018.9370   -4.8416963678016E-04
 2018.9562   -4.8416964889978E-04
 2018.9753   -4.8416965108153E-04
 2018.9945   -4.8416963613054E-04
 2019.0137   -4.8416962747118E-04
 2019.0329   -4.8416964602083E-04
 2019.0521   -4.8416964244595E-04
 2019.0712   -4.8416964210300E-04
 2019.0904   -4.8416963759704E-04
 2019.1096   -4.8416962738269E-04
 2019.1288   -4.8416962887797E-04
 2019.1479   -4.8416962885669E-04
 2019.1671   -4.8416962545647E-04
 2019.1863   -4.8416962919421E-04
 2019.2055   -4.8416964181810E-04
 2019.2247   -4.8416964553964E-04
 2019.2438   -4.8416964024052E-04
 2019.2630   -4.8416961386204E-04
 2019.2822   -4.8416959098365E-04
 2019.3014   -4.8416958055688E-04
 2019.3205   -4.8416956992870E-04
 2019.3397   -4.8416957511304E-04
 2019.3589   -4.8416957584206E-04
 2019.3781   -4.8416957284977E-04
 2019.3973   -4.8416956960763E-04
 2019.4164   -4.8416957646148E-04
 2019.4356   -4.8416959909953E-04
 2019.4548   -4.8416962287236E-04
 2019.4740   -4.8416965047405E-04
 2019.4932   -4.8416966420633E-04
 2019.5123   -4.8416968463876E-04
 2019.5315   -4.8416970486685E-04
 2019.5507   -4.8416972552665E-04
 2019.5699   -4.8416973774244E-04
 2019.5890   -4.8416972715878E-04
 2019.6082   -4.8416972247905E-04
 2019.6274   -4.8416971878382E-04
 2019.6466   -4.8416972488051E-04
 2019.6658   -4.8416973428440E-04
 2019.6849   -4.8416973715548E-04
 2019.7041   -4.8416973594451E-04
 2019.7233   -4.8416973869051E-04
 2019.7425   -4.8416974477073E-04
 2019.7616   -4.8416974560863E-04
 2019.7808   -4.8416973295350E-04
 2019.8000   -4.8416970756508E-04
 2019.8192   -4.8416968897467E-04
 2019.8384   -4.8416966911085E-04
 2019.8575   -4.8416965434324E-04
 2019.8767   -4.8416964465146E-04
 2019.8959   -4.8416963935568E-04
 2019.9151   -4.8416964709809E-04
 2019.9342   -4.8416965370389E-04
 2019.9534   -4.8416965390352E-04
 2019.9726   -4.8416964415246E-04
 2019.9918   -4.8416963104055E-04
 2020.0109   -4.8416961999202E-04
 2020.0301   -4.8416963346688E-04
 2020.0492   -4.8416964812999E-04
 2020.0683   -4.8416966353630E-04
 2020.0874   -4.8416967467614E-04
 2020.1066   -4.8416966892856E-04
 2020.1257   -4.8416965137267E-04
 2020.1448   -4.8416964628165E-04
 2020.1639   -4.8416964208981E-04
 2020.1831   -4.8416963783380E-04
 2020.2022   -4.8416964019840E-04
 2020.2213   -4.8416962999837E-04
 2020.2404   -4.8416963815426E-04
 2020.2596   -4.8416963673688E-04
 2020.2787   -4.8416961483766E-04
 2020.2978   -4.8416960234968E-04
 2020.3169   -4.8416957899934E-04
 2020.3361   -4.8416957085325E-04
 2020.3552   -4.8416957109039E-04
 2020.3743   -4.8416957255983E-04
 2020.3934   -4.8416958114641E-04
 2020.4126   -4.8416959121252E-04
 2020.4317   -4.8416962030632E-04
 2020.4508   -4.8416963639552E-04
 2020.4699   -4.8416965611990E-04
 2020.4891   -4.8416968851370E-04
 2020.5082   -4.8416971038529E-04
 2020.5273   -4.8416973613796E-04
 2020.5464   -4.8416974592478E-04
 2020.5656   -4.8416974803881E-04
 2020.5847   -4.8416974398860E-04
 2020.6038   -4.8416975311924E-04
 2020.6230   -4.8416977469001E-04
 2020.6421   -4.8416977542590E-04
 2020.6612   -4.8416978646970E-04
 2020.6803   -4.8416977784129E-04
 2020.6995   -4.8416976978977E-04
 2020.7186   -4.8416976548739E-04
 2020.7377   -4.8416976782689E-04
 2020.7568   -4.8416975766640E-04
 2020.7760   -4.8416973040959E-04
 2020.7951   -4.8416971431152E-04
 2020.8142   -4.8416969443502E-04
 2020.8333   -4.8416969627793E-04
 2020.8525   -4.8416969971306E-04
 2020.8716   -4.8416970288983E-04
 2020.8907   -4.8416969121533E-04
 2020.9098   -4.8416967413717E-04
 2020.9290   -4.8416967383689E-04
 2020.9481   -4.8416967561608E-04
 2020.9672   -4.8416968948577E-04
 2020.9863   -4.8416969200109E-04
 2021.0055   -4.8416971558762E-04
 2021.0247   -4.8416972117499E-04
 2021.0438   -4.8416971733261E-04
 2021.0630   -4.8416971045147E-04
 2021.0822   -4.8416968403294E-04
 2021.1014   -4.8416966593068E-04
