 2000.060109 -4.8416943714217E-04
 2000.079235 -4.8416942870755E-04
 2000.098361 -4.8416942231349E-04
 2000.117486 -4.8416941368895E-04
 2000.136612 -4.8416943149724E-04
 2000.155738 -4.8416944385410E-04
 2000.174863 -4.8416943938647E-04
 2000.193989 -4.8416943574360E-04
 2000.213115 -4.8416943863743E-04
 2000.232240 -4.8416944080511E-04
 2000.251366 -4.8416944496544E-04
 2000.270492 -4.8416943273949E-04
 2000.289617 -4.8416942933270E-04
 2000.308743 -4.8416941650051E-04
 2000.327869 -4.8416940657819E-04
 2000.346995 -4.8416939995098E-04
 2000.366120 -4.8416939328781E-04
 2000.385246 -4.8416939701241E-04
 2000.404372 -4.8416940959271E-04
 2000.423497 -4.8416942105147E-04
 2000.442623 -4.8416942630816E-04
 2000.461749 -4.8416943754446E-04
 2000.480874 -4.8416944164448E-04
 2000.500000 -4.8416946106503E-04
 2000.519126 -4.8416947297431E-04
 2000.538251 -4.8416946121741E-04
 2000.557377 -4.8416946916697E-04
 2000.576503 -4.8416948220450E-04
 2000.595628 -4.8416948879809E-04
 2000.614754 -4.8416950349106E-04
 2000.633880 -4.8416951703222E-04
 2000.653005 -4.8416952275440E-04
 2000.672131 -4.8416952688489E-04
 2000.691257 -4.8416952514498E-04
 2000.710383 -4.8416952483998E-04
 2000.729508 -4.8416953371931E-04
 2000.748634 -4.8416956314803E-04
 2000.767760 -4.8416955780750E-04
 2000.786885 -4.8416954865106E-04
 2000.806011 -4.8416954154623E-04
 2000.825137 -4.8416953669425E-04
 2000.844262 -4.8416954895010E-04
 2000.863388 -4.8416955005873E-04
 2000.882514 -4.8416954094211E-04
 2000.901639 -4.8416950816170E-04
 2000.920765 -4.8416947833025E-04
 2000.939891 -4.8416945716768E-04
 2000.959016 -4.8416943947591E-04
 2000.978142 -4.8416944215091E-04
 2000.997268 -4.8416946045524E-04
 2001.016438 -4.8416947277337E-04
 2001.035616 -4.8416949024426E-04
 2001.054795 -4.8416949509281E-04
 2001.073973 -4.8416948751887E-04
 2001.093151 -4.8416948982592E-04
 2001.112329 -4.8416947623659E-04
 2001.131507 -4.8416947709943E-04
 2001.150685 -4.8416948345812E-04
 2001.169863 -4.8416947535359E-04
 2001.189041 -4.8416945289725E-04
 2001.208219 -4.8416942554545E-04
 2001.227397 -4.8416940189915E-04
 2001.246575 -4.8416939376044E-04
 2001.265753 -4.8416939391135E-04
 2001.284932 -4.8416940187931E-04
 2001.304110 -4.8416939597211E-04
 2001.323288 -4.8416937300144E-04
 2001.342466 -4.8416937708833E-04
 2001.361644 -4.8416935861977E-04
 2001.380822 -4.8416935030854E-04
 2001.400000 -4.8416935124781E-04
 2001.419178 -4.8416934983495E-04
 2001.438356 -4.8416937966860E-04
 2001.457534 -4.8416940330367E-04
 2001.476712 -4.8416941326601E-04
 2001.495890 -4.8416943505175E-04
 2001.515068 -4.8416944008283E-04
 2001.534247 -4.8416945654350E-04
 2001.553425 -4.8416948447831E-04
 2001.572603 -4.8416949623975E-04
 2001.591781 -4.8416950725138E-04
 2001.610959 -4.8416950396653E-04
 2001.630137 -4.8416950050082E-04
 2001.649315 -4.8416950440156E-04
 2001.668493 -4.8416951375778E-04
 2001.687671 -4.8416952103875E-04
 2001.706849 -4.8416952193024E-04
 2001.726027 -4.8416951173923E-04
 2001.745205 -4.8416950772620E-04
 2001.764384 -4.8416949972207E-04
 2001.783562 -4.8416948137985E-04
 2001.802740 -4.8416947816456E-04
 2001.821918 -4.8416946653907E-04
 2001.841096 -4.8416947699117E-04
 2001.860274 -4.8416947456934E-04
 2001.879452 -4.8416944815797E-04
 2001.898630 -4.8416942476447E-04
 2001.917808 -4.8416937776900E-04
 2001.936986 -4.8416936611548E-04
 2001.956164 -4.8416938207896E-04
 2001.975342 -4.8416938832623E-04
 2001.994521 -4.8416939650827E-04
 2002.013699 -4.8416940497884E-04
 2002.032877 -4.8416939639871E-04
 2002.052055 -4.8416940191865E-04
 2002.071233 -4.8416939813925E-04
 2002.090411 -4.8416939767433E-04
 2002.109589 -4.8416939433227E-04
 2002.128767 -4.8416940550076E-04
 2002.147945 -4.8416943238799E-04
 2002.167123 -4.8416944200617E-04
 2002.186301 -4.8416942676312E-04
 2002.205479 -4.8416940196191E-04
 2002.224658 -4.8416936018685E-04
 2002.243836 -4.8416933841234E-04
 2002.263014 -4.8416933012771E-04
 2002.282192 -4.8416931797372E-04
 2002.301370 -4.8416933011235E-04
 2002.320548 -4.8416932987433E-04
 2002.339726 -4.8416932754611E-04
 2002.358904 -4.8416934267342E-04
 2002.378082 -4.8416934295463E-04
 2002.397260 -4.8416934544552E-04
 2002.416438 -4.8416935767598E-04
 2002.435616 -4.8416936695058E-04
 2002.454795 -4.8416938578056E-04
 2002.473973 -4.8416941424050E-04
 2002.493151 -4.8416943207312E-04
 2002.512329 -4.8416943835210E-04
 2002.531507 -4.8416945725613E-04
 2002.550685 -4.8416945853206E-04
 2002.569863 -4.8416946739698E-04
 2002.589041 -4.8416946922103E-04
 2002.608219 -4.8416946529138E-04
 2002.627397 -4.8416947109990E-04
 2002.646575 -4.8416947789648E-04
 2002.665753 -4.8416948720718E-04
 2002.684932 -4.8416948375946E-04
 2002.704110 -4.8416947280247E-04
 2002.723288 -4.8416946947373E-04
 2002.742466 -4.8416946969272E-04
 2002.761644 -4.8416946232498E-04
 2002.780822 -4.8416945458717E-04
 2002.800000 -4.8416944635531E-04
 2002.819178 -4.8416943553825E-04
 2002.838356 -4.8416943403725E-04
 2002.857534 -4.8416943318187E-04
 2002.876712 -4.8416942038667E-04
 2002.895890 -4.8416942098030E-04
 2002.915068 -4.8416941192458E-04
 2002.934247 -4.8416941153268E-04
 2002.953425 -4.8416942075791E-04
 2002.972603 -4.8416941701281E-04
 2002.991781 -4.8416940394843E-04
 2003.010959 -4.8416938713545E-04
 2003.030137 -4.8416938094821E-04
 2003.049315 -4.8416938091776E-04
 2003.068493 -4.8416939869744E-04
 2003.087671 -4.8416941416953E-04
 2003.106849 -4.8416941846397E-04
 2003.126027 -4.8416940802890E-04
 2003.145205 -4.8416938951449E-04
 2003.164384 -4.8416938152924E-04
 2003.183562 -4.8416937060426E-04
 2003.202740 -4.8416935845283E-04
 2003.221918 -4.8416936236087E-04
 2003.241096 -4.8416936291404E-04
 2003.260274 -4.8416937464896E-04
 2003.279452 -4.8416938494308E-04
 2003.298630 -4.8416937505847E-04
 2003.317808 -4.8416937067758E-04
 2003.336986 -4.8416937348571E-04
 2003.356164 -4.8416938582261E-04
 2003.375342 -4.8416939263631E-04
 2003.394521 -4.8416938580936E-04
 2003.413699 -4.8416938286697E-04
 2003.432877 -4.8416938307703E-04
 2003.452055 -4.8416939566150E-04
 2003.471233 -4.8416942160287E-04
 2003.490411 -4.8416945267109E-04
 2003.509589 -4.8416947566843E-04
 2003.528767 -4.8416948910458E-04
 2003.547945 -4.8416950201750E-04
 2003.567123 -4.8416950503562E-04
 2003.586301 -4.8416951667170E-04
 2003.605479 -4.8416952376776E-04
 2003.624658 -4.8416953382875E-04
 2003.643836 -4.8416954530865E-04
 2003.663014 -4.8416953685676E-04
 2003.682192 -4.8416952900314E-04
 2003.701370 -4.8416950316999E-04
 2003.720548 -4.8416949755130E-04
 2003.739726 -4.8416949725568E-04
 2003.758904 -4.8416950129146E-04
 2003.778082 -4.8416951129379E-04
 2003.797260 -4.8416950604394E-04
 2003.816438 -4.8416947605752E-04
 2003.835616 -4.8416945485052E-04
 2003.854795 -4.8416944911431E-04
 2003.873973 -4.8416944699295E-04
 2003.893151 -4.8416946155586E-04
 2003.912329 -4.8416944549976E-04
 2003.931507 -4.8416943054110E-04
 2003.950685 -4.8416941804370E-04
 2003.969863 -4.8416940837954E-04
 2003.989041 -4.8416940842872E-04
 2004.008197 -4.8416940447759E-04
 2004.027322 -4.8416940206458E-04
 2004.046448 -4.8416940793903E-04
 2004.065574 -4.8416941387464E-04
 2004.084699 -4.8416941715107E-04
 2004.103825 -4.8416942160928E-04
 2004.122951 -4.8416942307296E-04
 2004.142077 -4.8416943694149E-04
 2004.161202 -4.8416943985337E-04
 2004.180328 -4.8416942434341E-04
 2004.199454 -4.8416941869581E-04
 2004.218579 -4.8416941657232E-04
 2004.237705 -4.8416941113151E-04
 2004.256831 -4.8416942376625E-04
 2004.275956 -4.8416939847510E-04
 2004.295082 -4.8416936957085E-04
 2004.314208 -4.8416937336918E-04
 2004.333333 -4.8416937379620E-04
 2004.352459 -4.8416937621287E-04
 2004.371585 -4.8416937323600E-04
 2004.390710 -4.8416935702296E-04
 2004.409836 -4.8416935629687E-04
 2004.428962 -4.8416937239762E-04
 2004.448087 -4.8416938738222E-04
 2004.467213 -4.8416940793883E-04
 2004.486339 -4.8416942409478E-04
 2004.505464 -4.8416944074083E-04
 2004.524590 -4.8416946395002E-04
 2004.543716 -4.8416948548123E-04
 2004.562842 -4.8416949633702E-04
 2004.581967 -4.8416948719395E-04
 2004.601093 -4.8416948442593E-04
 2004.620219 -4.8416948146637E-04
 2004.639344 -4.8416947908995E-04
 2004.658470 -4.8416948499706E-04
 2004.677596 -4.8416948656372E-04
 2004.696721 -4.8416948624009E-04
 2004.715847 -4.8416947809589E-04
 2004.734973 -4.8416947861172E-04
 2004.754098 -4.8416946299075E-04
 2004.773224 -4.8416944888876E-04
 2004.792350 -4.8416943813586E-04
 2004.811475 -4.8416943132779E-04
 2004.830601 -4.8416944516713E-04
 2004.849727 -4.8416946060996E-04
 2004.868852 -4.8416944701484E-04
 2004.887978 -4.8416941244969E-04
 2004.907104 -4.8416938082857E-04
 2004.926230 -4.8416935966230E-04
 2004.945355 -4.8416935652117E-04
 2004.964481 -4.8416937051627E-04
 2004.983607 -4.8416938645215E-04
 2005.002740 -4.8416939277654E-04
 2005.021918 -4.8416938846200E-04
 2005.041096 -4.8416939175052E-04
 2005.060274 -4.8416939361078E-04
 2005.079452 -4.8416939210757E-04
 2005.098630 -4.8416938213205E-04
 2005.117808 -4.8416937431376E-04
 2005.136986 -4.8416936634943E-04
 2005.156164 -4.8416937329940E-04
 2005.175342 -4.8416936967119E-04
 2005.194521 -4.8416935378531E-04
 2005.213699 -4.8416933809935E-04
 2005.232877 -4.8416931452362E-04
 2005.252055 -4.8416931141711E-04
 2005.271233 -4.8416931618622E-04
 2005.290411 -4.8416930950800E-04
 2005.309589 -4.8416930684755E-04
 2005.328767 -4.8416931171530E-04
 2005.347945 -4.8416931334438E-04
 2005.367123 -4.8416930880149E-04
 2005.386301 -4.8416930480064E-04
 2005.405479 -4.8416929628360E-04
 2005.424658 -4.8416930621538E-04
 2005.443836 -4.8416933062248E-04
 2005.463014 -4.8416934455920E-04
 2005.482192 -4.8416936419885E-04
 2005.501370 -4.8416938940330E-04
 2005.520548 -4.8416940777564E-04
 2005.539726 -4.8416943364385E-04
 2005.558904 -4.8416945476106E-04
 2005.578082 -4.8416945473387E-04
 2005.597260 -4.8416945168739E-04
 2005.616438 -4.8416945780204E-04
 2005.635616 -4.8416946004064E-04
 2005.654795 -4.8416946517372E-04
 2005.673973 -4.8416947086588E-04
 2005.693151 -4.8416946725172E-04
 2005.712329 -4.8416946069776E-04
 2005.731507 -4.8416944833383E-04
 2005.750685 -4.8416944141031E-04
 2005.769863 -4.8416943462632E-04
 2005.789041 -4.8416943010201E-04
 2005.808219 -4.8416942185235E-04
 2005.827397 -4.8416942373968E-04
 2005.846575 -4.8416942791495E-04
 2005.865753 -4.8416943278538E-04
 2005.884932 -4.8416942989972E-04
 2005.904110 -4.8416942520232E-04
 2005.923288 -4.8416942252069E-04
 2005.942466 -4.8416942231046E-04
 2005.961644 -4.8416942101066E-04
 2005.980822 -4.8416941994149E-04
 2006.000000 -4.8416940560385E-04
 2006.019178 -4.8416939910755E-04
 2006.038356 -4.8416942440985E-04
 2006.057534 -4.8416943722072E-04
 2006.076712 -4.8416945234276E-04
 2006.095890 -4.8416944560112E-04
 2006.115068 -4.8416942729483E-04
 2006.134247 -4.8416942344367E-04
 2006.153425 -4.8416942197995E-04
 2006.172603 -4.8416941899120E-04
 2006.191781 -4.8416940183114E-04
 2006.210959 -4.8416938499710E-04
 2006.230137 -4.8416937872390E-04
 2006.249315 -4.8416937601507E-04
 2006.268493 -4.8416939113570E-04
 2006.287671 -4.8416938756791E-04
 2006.306849 -4.8416939332934E-04
 2006.326027 -4.8416939131371E-04
 2006.345205 -4.8416938605252E-04
 2006.364384 -4.8416940106748E-04
 2006.383562 -4.8416939672222E-04
 2006.402740 -4.8416939123539E-04
 2006.421918 -4.8416938904680E-04
 2006.441096 -4.8416938076928E-04
 2006.460274 -4.8416938942102E-04
 2006.479452 -4.8416940275480E-04
 2006.498630 -4.8416943319916E-04
 2006.517808 -4.8416945189533E-04
 2006.536986 -4.8416947577386E-04
 2006.556164 -4.8416948223771E-04
 2006.575342 -4.8416948403279E-04
 2006.594521 -4.8416948361470E-04
 2006.613699 -4.8416947041947E-04
 2006.632877 -4.8416945548234E-04
 2006.652055 -4.8416944624674E-04
 2006.671233 -4.8416945378165E-04
 2006.690411 -4.8416946103549E-04
 2006.709589 -4.8416947482791E-04
 2006.728767 -4.8416948320765E-04
 2006.747945 -4.8416949501277E-04
 2006.767123 -4.8416948777766E-04
 2006.786301 -4.8416947579227E-04
 2006.805479 -4.8416945694818E-04
 2006.824658 -4.8416944025859E-04
 2006.843836 -4.8416944020887E-04
 2006.863014 -4.8416943010106E-04
 2006.882192 -4.8416941833584E-04
 2006.901370 -4.8416940841544E-04
 2006.920548 -4.8416940648105E-04
 2006.939726 -4.8416940524866E-04
 2006.958904 -4.8416941471528E-04
 2006.978082 -4.8416941734707E-04
 2006.997260 -4.8416941243056E-04
 2007.016438 -4.8416943818434E-04
 2007.035616 -4.8416944080963E-04
 2007.054795 -4.8416944815691E-04
 2007.073973 -4.8416944859389E-04
 2007.093151 -4.8416941917731E-04
 2007.112329 -4.8416940697666E-04
 2007.131507 -4.8416938403446E-04
 2007.150685 -4.8416938528540E-04
 2007.169863 -4.8416938036907E-04
 2007.189041 -4.8416937624900E-04
 2007.208219 -4.8416937736527E-04
 2007.227397 -4.8416937376550E-04
 2007.246575 -4.8416939776169E-04
 2007.265753 -4.8416940770513E-04
 2007.284932 -4.8416941522967E-04
 2007.304110 -4.8416940109053E-04
 2007.323288 -4.8416937953862E-04
 2007.342466 -4.8416936659819E-04
 2007.361644 -4.8416935639890E-04
 2007.380822 -4.8416936209671E-04
 2007.400000 -4.8416935920508E-04
 2007.419178 -4.8416937290337E-04
 2007.438356 -4.8416938854706E-04
 2007.457534 -4.8416940220187E-04
 2007.476712 -4.8416941761895E-04
 2007.495890 -4.8416943504001E-04
 2007.515068 -4.8416944262622E-04
 2007.534247 -4.8416946632621E-04
 2007.553425 -4.8416947696474E-04
 2007.572603 -4.8416948050742E-04
 2007.591781 -4.8416949365588E-04
 2007.610959 -4.8416949136563E-04
 2007.630137 -4.8416949078663E-04
 2007.649315 -4.8416948648330E-04
 2007.668493 -4.8416946077933E-04
 2007.687671 -4.8416945436311E-04
 2007.706849 -4.8416946342596E-04
 2007.726027 -4.8416947079564E-04
 2007.745205 -4.8416949130454E-04
 2007.764384 -4.8416951311446E-04
 2007.783562 -4.8416951296998E-04
 2007.802740 -4.8416952035430E-04
 2007.821918 -4.8416951738198E-04
 2007.841096 -4.8416951486072E-04
 2007.860274 -4.8416951840595E-04
 2007.879452 -4.8416951482112E-04
 2007.898630 -4.8416951100903E-04
 2007.917808 -4.8416949844614E-04
 2007.936986 -4.8416947404638E-04
 2007.956164 -4.8416945995719E-04
 2007.975342 -4.8416944924384E-04
 2007.994521 -4.8416944050931E-04
 2008.013661 -4.8416943810980E-04
 2008.032787 -4.8416945337347E-04
 2008.051913 -4.8416946933136E-04
 2008.071038 -4.8416948995545E-04
 2008.090164 -4.8416948200297E-04
 2008.109290 -4.8416947317265E-04
 2008.128415 -4.8416946218903E-04
 2008.147541 -4.8416945603370E-04
 2008.166667 -4.8416946253739E-04
 2008.185792 -4.8416944667431E-04
 2008.204918 -4.8416944045044E-04
 2008.224044 -4.8416942993450E-04
 2008.243169 -4.8416940886692E-04
 2008.262295 -4.8416939642866E-04
 2008.281421 -4.8416937705290E-04
 2008.300546 -4.8416936361153E-04
 2008.319672 -4.8416935099319E-04
 2008.338798 -4.8416935478720E-04
 2008.357923 -4.8416936430212E-04
 2008.377049 -4.8416938611961E-04
 2008.396175 -4.8416940822878E-04
 2008.415301 -4.8416942561046E-04
 2008.434426 -4.8416944390066E-04
 2008.453552 -4.8416946191147E-04
 2008.472678 -4.8416948770108E-04
 2008.491803 -4.8416951048027E-04
 2008.510929 -4.8416952495719E-04
 2008.530055 -4.8416953247652E-04
 2008.549180 -4.8416952686841E-04
 2008.568306 -4.8416951820635E-04
 2008.587432 -4.8416952668243E-04
 2008.606557 -4.8416953889194E-04
 2008.625683 -4.8416954169463E-04
 2008.644809 -4.8416953963227E-04
 2008.663934 -4.8416952455467E-04
 2008.683060 -4.8416950843019E-04
 2008.702186 -4.8416948991928E-04
 2008.721311 -4.8416949053857E-04
 2008.740437 -4.8416951844348E-04
 2008.759563 -4.8416950842547E-04
 2008.778689 -4.8416950795461E-04
 2008.797814 -4.8416950129797E-04
 2008.816940 -4.8416948512903E-04
 2008.836066 -4.8416950361492E-04
 2008.855191 -4.8416951143415E-04
 2008.874317 -4.8416952082345E-04
 2008.893443 -4.8416952639659E-04
 2008.912568 -4.8416951820038E-04
 2008.931694 -4.8416951580039E-04
 2008.950820 -4.8416951763751E-04
 2008.969945 -4.8416949715012E-04
 2008.989071 -4.8416946606154E-04
 2009.008219 -4.8416945670950E-04
 2009.027397 -4.8416945411991E-04
 2009.046575 -4.8416946482072E-04
 2009.065753 -4.8416947422880E-04
 2009.084932 -4.8416948686384E-04
 2009.104110 -4.8416948852153E-04
 2009.123288 -4.8416948482827E-04
 2009.142466 -4.8416949025406E-04
 2009.161644 -4.8416948000798E-04
 2009.180822 -4.8416947536115E-04
 2009.200000 -4.8416947723544E-04
 2009.219178 -4.8416947199410E-04
 2009.238356 -4.8416946145054E-04
 2009.257534 -4.8416945957733E-04
 2009.276712 -4.8416944396046E-04
 2009.295890 -4.8416944073113E-04
 2009.315068 -4.8416943264270E-04
 2009.334247 -4.8416943343529E-04
 2009.353425 -4.8416944210533E-04
 2009.372603 -4.8416944465312E-04
 2009.391781 -4.8416943168318E-04
 2009.410959 -4.8416942362146E-04
 2009.430137 -4.8416942987196E-04
 2009.449315 -4.8416943991084E-04
 2009.468493 -4.8416946541551E-04
 2009.487671 -4.8416946385375E-04
 2009.506849 -4.8416945693607E-04
 2009.526027 -4.8416946596469E-04
 2009.545205 -4.8416948471792E-04
 2009.564384 -4.8416949642404E-04
 2009.583562 -4.8416950428618E-04
 2009.602740 -4.8416949472681E-04
 2009.621918 -4.8416948705282E-04
 2009.641096 -4.8416950487005E-04
 2009.660274 -4.8416951415167E-04
 2009.679452 -4.8416951271055E-04
 2009.698630 -4.8416951799776E-04
 2009.717808 -4.8416951299757E-04
 2009.736986 -4.8416950187312E-04
 2009.756164 -4.8416949886481E-04
 2009.775342 -4.8416949536017E-04
 2009.794521 -4.8416948832418E-04
 2009.813699 -4.8416950371722E-04
 2009.832877 -4.8416951608246E-04
 2009.852055 -4.8416950625753E-04
 2009.871233 -4.8416950313125E-04
 2009.890411 -4.8416948533095E-04
 2009.909589 -4.8416946085947E-04
 2009.928767 -4.8416944400918E-04
 2009.947945 -4.8416943835772E-04
 2009.967123 -4.8416944671188E-04
 2009.986301 -4.8416944886186E-04
 2010.005479 -4.8416945172363E-04
 2010.024658 -4.8416944273632E-04
 2010.043836 -4.8416943249907E-04
 2010.063014 -4.8416945220792E-04
 2010.082192 -4.8416945889570E-04
 2010.101370 -4.8416946403677E-04
 2010.120548 -4.8416947299584E-04
 2010.139726 -4.8416948115521E-04
 2010.158904 -4.8416948495993E-04
 2010.178082 -4.8416946783029E-04
 2010.197260 -4.8416945034328E-04
 2010.216438 -4.8416942998502E-04
 2010.235616 -4.8416943405338E-04
 2010.254795 -4.8416945672370E-04
 2010.273973 -4.8416947056598E-04
 2010.293151 -4.8416946830686E-04
 2010.312329 -4.8416945399867E-04
 2010.331507 -4.8416942334762E-04
 2010.350685 -4.8416940698894E-04
 2010.369863 -4.8416939812984E-04
 2010.389041 -4.8416940838254E-04
 2010.408219 -4.8416941881269E-04
 2010.427397 -4.8416942909198E-04
 2010.446575 -4.8416945129144E-04
 2010.465753 -4.8416946470204E-04
 2010.484932 -4.8416947983643E-04
 2010.504110 -4.8416949745490E-04
 2010.523288 -4.8416952273078E-04
 2010.542466 -4.8416955793760E-04
 2010.561644 -4.8416959591322E-04
 2010.580822 -4.8416960249991E-04
 2010.600000 -4.8416959094521E-04
 2010.619178 -4.8416958446839E-04
 2010.638356 -4.8416957038300E-04
 2010.657534 -4.8416957032540E-04
 2010.676712 -4.8416957959969E-04
 2010.695890 -4.8416958234261E-04
 2010.715068 -4.8416958670563E-04
 2010.734247 -4.8416959395249E-04
 2010.753425 -4.8416959722107E-04
 2010.772603 -4.8416959375236E-04
 2010.791781 -4.8416958666791E-04
 2010.810959 -4.8416957281979E-04
 2010.830137 -4.8416956125892E-04
 2010.849315 -4.8416955603524E-04
 2010.868493 -4.8416953766456E-04
 2010.887671 -4.8416951720493E-04
 2010.906849 -4.8416950435090E-04
 2010.926027 -4.8416949118862E-04
 2010.945205 -4.8416949877537E-04
 2010.964384 -4.8416949130411E-04
 2010.983562 -4.8416947825151E-04
 2011.002740 -4.8416946122838E-04
 2011.021918 -4.8416948009951E-04
 2011.041096 -4.8416950804810E-04
 2011.060274 -4.8416951714600E-04
 2011.079452 -4.8416952377371E-04
 2011.098630 -4.8416951312147E-04
 2011.117808 -4.8416949468938E-04
 2011.136986 -4.8416949869631E-04
 2011.156164 -4.8416951178799E-04
 2011.175342 -4.8416952174156E-04
 2011.194521 -4.8416952053575E-04
 2011.213699 -4.8416952433948E-04
 2011.232877 -4.8416952158855E-04
 2011.252055 -4.8416952381319E-04
 2011.271233 -4.8416952359867E-04
 2011.290411 -4.8416950755935E-04
 2011.309589 -4.8416947661969E-04
 2011.328767 -4.8416944916303E-04
 2011.347945 -4.8416945728900E-04
 2011.367123 -4.8416947003669E-04
 2011.386301 -4.8416947320101E-04
 2011.405479 -4.8416947889892E-04
 2011.424658 -4.8416946896090E-04
 2011.443836 -4.8416946700780E-04
 2011.463014 -4.8416949035833E-04
 2011.482192 -4.8416951494324E-04
 2011.501370 -4.8416954239712E-04
 2011.520548 -4.8416956360353E-04
 2011.539726 -4.8416958220775E-04
 2011.558904 -4.8416957504354E-04
 2011.578082 -4.8416956044806E-04
 2011.597260 -4.8416955305861E-04
 2011.616438 -4.8416955866144E-04
 2011.635616 -4.8416956545712E-04
 2011.654795 -4.8416957657698E-04
 2011.673973 -4.8416956781698E-04
 2011.693151 -4.8416956200278E-04
 2011.712329 -4.8416956448559E-04
 2011.731507 -4.8416956798023E-04
 2011.750685 -4.8416959059153E-04
 2011.769863 -4.8416959983465E-04
 2011.789041 -4.8416959920332E-04
 2011.808219 -4.8416958653218E-04
 2011.827397 -4.8416957370679E-04
 2011.846575 -4.8416957575570E-04
 2011.865753 -4.8416957607602E-04
 2011.884932 -4.8416958072470E-04
 2011.904110 -4.8416958113377E-04
 2011.923288 -4.8416957535709E-04
 2011.942466 -4.8416957753596E-04
 2011.961644 -4.8416957060969E-04
 2011.980822 -4.8416957171660E-04
 2012.000000 -4.8416957403946E-04
 2012.019126 -4.8416957345244E-04
 2012.038251 -4.8416959264499E-04
 2012.057377 -4.8416959957699E-04
 2012.076503 -4.8416959499798E-04
 2012.095628 -4.8416959345660E-04
 2012.114754 -4.8416958888025E-04
 2012.133880 -4.8416958760747E-04
 2012.153005 -4.8416959816789E-04
 2012.172131 -4.8416959918558E-04
 2012.191257 -4.8416957776085E-04
 2012.210383 -4.8416955745306E-04
 2012.229508 -4.8416954124525E-04
 2012.248634 -4.8416953198007E-04
 2012.267760 -4.8416952886353E-04
 2012.286885 -4.8416952061951E-04
 2012.306011 -4.8416950978985E-04
 2012.325137 -4.8416949467976E-04
 2012.344262 -4.8416949118523E-04
 2012.363388 -4.8416948662274E-04
 2012.382514 -4.8416949217534E-04
 2012.401639 -4.8416950842540E-04
 2012.420765 -4.8416952716225E-04
 2012.439891 -4.8416956030163E-04
 2012.459016 -4.8416958300785E-04
 2012.478142 -4.8416959891222E-04
 2012.497268 -4.8416962449102E-04
 2012.516393 -4.8416963534056E-04
 2012.535519 -4.8416963752456E-04
 2012.554645 -4.8416964119844E-04
 2012.573770 -4.8416963899450E-04
 2012.592896 -4.8416963157504E-04
 2012.612022 -4.8416962948092E-04
 2012.631148 -4.8416962582749E-04
 2012.650273 -4.8416962269565E-04
 2012.669399 -4.8416962667568E-04
 2012.688525 -4.8416963298750E-04
 2012.707650 -4.8416963823563E-04
 2012.726776 -4.8416964249682E-04
 2012.745902 -4.8416964369325E-04
 2012.765027 -4.8416962956930E-04
 2012.784153 -4.8416960787056E-04
 2012.803279 -4.8416958854120E-04
 2012.822404 -4.8416956978712E-04
 2012.841530 -4.8416955970663E-04
 2012.860656 -4.8416956314508E-04
 2012.879781 -4.8416954830054E-04
 2012.898907 -4.8416955577058E-04
 2012.918033 -4.8416956996100E-04
 2012.937158 -4.8416958262966E-04
 2012.956284 -4.8416960284187E-04
 2012.975410 -4.8416959721796E-04
 2012.994536 -4.8416957287791E-04
 2013.013699 -4.8416954657052E-04
 2013.032877 -4.8416954601542E-04
 2013.052055 -4.8416955525729E-04
 2013.071233 -4.8416956107951E-04
 2013.090411 -4.8416957669126E-04
 2013.109589 -4.8416959308455E-04
 2013.128767 -4.8416959077050E-04
 2013.147945 -4.8416959072382E-04
 2013.167123 -4.8416957738040E-04
 2013.186301 -4.8416955591436E-04
 2013.205479 -4.8416954765862E-04
 2013.224658 -4.8416954225002E-04
 2013.243836 -4.8416953423401E-04
 2013.263014 -4.8416952585838E-04
 2013.282192 -4.8416951720898E-04
 2013.301370 -4.8416950315681E-04
 2013.320548 -4.8416949939333E-04
 2013.339726 -4.8416950743608E-04
 2013.358904 -4.8416950720457E-04
 2013.378082 -4.8416951474093E-04
 2013.397260 -4.8416950575857E-04
 2013.416438 -4.8416950505003E-04
 2013.435616 -4.8416951695679E-04
 2013.454795 -4.8416952976829E-04
 2013.473973 -4.8416955943664E-04
 2013.493151 -4.8416957453440E-04
 2013.512329 -4.8416959609788E-04
 2013.531507 -4.8416961824625E-04
 2013.550685 -4.8416964408944E-04
 2013.569863 -4.8416966173030E-04
 2013.589041 -4.8416966116180E-04
 2013.608219 -4.8416967046272E-04
 2013.627397 -4.8416966742845E-04
 2013.646575 -4.8416967046746E-04
 2013.665753 -4.8416967622773E-04
 2013.684932 -4.8416966654296E-04
 2013.704110 -4.8416966723787E-04
 2013.723288 -4.8416965823613E-04
 2013.742466 -4.8416963771338E-04
 2013.761644 -4.8416961707372E-04
 2013.780822 -4.8416960169141E-04
 2013.800000 -4.8416959896535E-04
 2013.819178 -4.8416962116328E-04
 2013.838356 -4.8416964344968E-04
 2013.857534 -4.8416963923540E-04
 2013.876712 -4.8416963028507E-04
 2013.895890 -4.8416960700771E-04
 2013.915068 -4.8416958208814E-04
 2013.934247 -4.8416956606951E-04
 2013.953425 -4.8416955440354E-04
 2013.972603 -4.8416954918691E-04
 2013.991781 -4.8416954762730E-04
 2014.010959 -4.8416954363560E-04
 2014.030137 -4.8416954735463E-04
 2014.049315 -4.8416955725633E-04
 2014.068493 -4.8416956917448E-04
 2014.087671 -4.8416958575625E-04
 2014.106849 -4.8416958562714E-04
 2014.126027 -4.8416957309290E-04
 2014.145205 -4.8416957380435E-04
 2014.164384 -4.8416956989639E-04
 2014.183562 -4.8416955909380E-04
 2014.202740 -4.8416956144927E-04
 2014.221918 -4.8416955957541E-04
 2014.241096 -4.8416956551068E-04
 2014.260274 -4.8416956679465E-04
 2014.279452 -4.8416956103706E-04
 2014.298630 -4.8416955332692E-04
 2014.317808 -4.8416953904798E-04
 2014.336986 -4.8416952593175E-04
 2014.356164 -4.8416952622458E-04
 2014.375342 -4.8416951854626E-04
 2014.394521 -4.8416951583629E-04
 2014.413699 -4.8416952820474E-04
 2014.432877 -4.8416955224197E-04
 2014.452055 -4.8416957078706E-04
 2014.471233 -4.8416958351962E-04
 2014.490411 -4.8416959272918E-04
 2014.509589 -4.8416959327073E-04
 2014.528767 -4.8416959354766E-04
 2014.547945 -4.8416959768253E-04
 2014.567123 -4.8416960175263E-04
 2014.586301 -4.8416960614846E-04
 2014.605479 -4.8416961596267E-04
 2014.624658 -4.8416963988601E-04
 2014.643836 -4.8416965641264E-04
 2014.663014 -4.8416967224108E-04
 2014.682192 -4.8416968836287E-04
 2014.701370 -4.8416968321347E-04
 2014.720548 -4.8416966188065E-04
 2014.739726 -4.8416965498278E-04
 2014.758904 -4.8416965691653E-04
 2014.778082 -4.8416965004370E-04
 2014.797260 -4.8416964324879E-04
 2014.816438 -4.8416963532033E-04
 2014.835616 -4.8416961420066E-04
 2014.854795 -4.8416959763569E-04
 2014.873973 -4.8416959327410E-04
 2014.893151 -4.8416958025062E-04
 2014.912329 -4.8416959735189E-04
 2014.931507 -4.8416963199648E-04
 2014.950685 -4.8416964393192E-04
 2014.969863 -4.8416964126769E-04
 2014.989041 -4.8416962748068E-04
 2015.008219 -4.8416961056161E-04
 2015.027397 -4.8416961829459E-04
 2015.046575 -4.8416963621957E-04
 2015.065753 -4.8416964247295E-04
 2015.084932 -4.8416963550576E-04
 2015.104110 -4.8416962078197E-04
 2015.123288 -4.8416960140551E-04
 2015.142466 -4.8416959058754E-04
 2015.161644 -4.8416958662035E-04
 2015.180822 -4.8416957840678E-04
 2015.200000 -4.8416959286558E-04
 2015.219178 -4.8416959568053E-04
 2015.238356 -4.8416959597107E-04
 2015.257534 -4.8416960570568E-04
 2015.276712 -4.8416959410238E-04
 2015.295890 -4.8416958162931E-04
 2015.315068 -4.8416956831729E-04
 2015.334247 -4.8416955270347E-04
 2015.353425 -4.8416954813700E-04
 2015.372603 -4.8416955298204E-04
 2015.391781 -4.8416956371525E-04
 2015.410959 -4.8416956679917E-04
 2015.430137 -4.8416957552796E-04
 2015.449315 -4.8416958940266E-04
 2015.468493 -4.8416958809336E-04
 2015.487671 -4.8416959244722E-04
 2015.506849 -4.8416960631851E-04
 2015.526027 -4.8416961495274E-04
 2015.545205 -4.8416964259910E-04
 2015.564384 -4.8416966294543E-04
 2015.583562 -4.8416965852446E-04
 2015.602740 -4.8416965842577E-04
 2015.621918 -4.8416965665366E-04
 2015.641096 -4.8416965470422E-04
 2015.660274 -4.8416965634961E-04
 2015.679452 -4.8416965889293E-04
 2015.698630 -4.8416966474718E-04
 2015.717808 -4.8416966733748E-04
 2015.736986 -4.8416966702754E-04
 2015.756164 -4.8416965952304E-04
 2015.775342 -4.8416963749966E-04
 2015.794521 -4.8416962219398E-04
 2015.813699 -4.8416961636559E-04
 2015.832877 -4.8416961042524E-04
 2015.852055 -4.8416960237971E-04
 2015.871233 -4.8416959747575E-04
 2015.890411 -4.8416960762963E-04
 2015.909589 -4.8416961172237E-04
 2015.928767 -4.8416960285532E-04
 2015.947945 -4.8416959133734E-04
 2015.967123 -4.8416957152693E-04
 2015.986301 -4.8416955881328E-04
 2016.005464 -4.8416955331000E-04
 2016.024590 -4.8416955223181E-04
 2016.043716 -4.8416955702169E-04
 2016.062842 -4.8416955752567E-04
 2016.081967 -4.8416955624055E-04
 2016.101093 -4.8416954597844E-04
 2016.120219 -4.8416953944655E-04
 2016.139344 -4.8416954305846E-04
 2016.158470 -4.8416955330364E-04
 2016.177596 -4.8416956636659E-04
 2016.196721 -4.8416957258347E-04
 2016.215847 -4.8416957657434E-04
 2016.234973 -4.8416957180029E-04
 2016.254098 -4.8416955733281E-04
 2016.273224 -4.8416953355334E-04
 2016.292350 -4.8416950835117E-04
 2016.311475 -4.8416950019102E-04
 2016.330601 -4.8416949679735E-04
 2016.349727 -4.8416951205968E-04
 2016.368852 -4.8416952698805E-04
 2016.387978 -4.8416953314823E-04
 2016.407104 -4.8416954439081E-04
 2016.426230 -4.8416955168979E-04
 2016.445355 -4.8416956687545E-04
 2016.464481 -4.8416958301623E-04
 2016.483607 -4.8416959997753E-04
 2016.502732 -4.8416962364397E-04
 2016.521858 -4.8416965137183E-04
 2016.540984 -4.8416967259016E-04
 2016.560109 -4.8416967554819E-04
 2016.579235 -4.8416966513951E-04
 2016.598361 -4.8416965141887E-04
 2016.617486 -4.8416965019482E-04
 2016.636612 -4.8416965263679E-04
 2016.655738 -4.8416966447403E-04
 2016.674863 -4.8416968243092E-04
 2016.693989 -4.8416969238909E-04
 2016.713115 -4.8416969348384E-04
 2016.732240 -4.8416968255623E-04
 2016.751366 -4.8416967397466E-04
 2016.770492 -4.8416967092973E-04
 2016.789617 -4.8416965793764E-04
 2016.808743 -4.8416964884372E-04
 2016.827869 -4.8416964353910E-04
 2016.846995 -4.8416963208138E-04
 2016.866120 -4.8416963136592E-04
 2016.885246 -4.8416962157965E-04
 2016.904372 -4.8416959747796E-04
 2016.923497 -4.8416958678030E-04
 2016.942623 -4.8416957475789E-04
 2016.961749 -4.8416957596023E-04
 2016.980874 -4.8416958636089E-04
 2017.000000 -4.8416959185001E-04
 2017.019178 -4.8416960050106E-04
 2017.038356 -4.8416960905795E-04
 2017.057534 -4.8416960755268E-04
 2017.076712 -4.8416959320542E-04
 2017.095890 -4.8416958955115E-04
 2017.115068 -4.8416958933203E-04
 2017.134247 -4.8416959903642E-04
 2017.153425 -4.8416960301026E-04
 2017.172603 -4.8416960683573E-04
 2017.191781 -4.8416960862616E-04
 2017.210959 -4.8416961206263E-04
 2017.230137 -4.8416962863056E-04
 2017.249315 -4.8416961590525E-04
 2017.268493 -4.8416961256344E-04
 2017.287671 -4.8416960631306E-04
 2017.306849 -4.8416957885614E-04
 2017.326027 -4.8416956550332E-04
 2017.345205 -4.8416955541157E-04
 2017.364384 -4.8416953556006E-04
 2017.383562 -4.8416953818696E-04
 2017.402740 -4.8416953174702E-04
 2017.421918 -4.8416954430931E-04
 2017.441096 -4.8416956856538E-04
 2017.460274 -4.8416959904459E-04
 2017.479452 -4.8416964323830E-04
 2017.498630 -4.8416966878728E-04
 2017.517808 -4.8416968712814E-04
 2017.536986 -4.8416968865854E-04
 2017.556164 -4.8416968288227E-04
 2017.575342 -4.8416967938968E-04
 2017.594521 -4.8416968480429E-04
 2017.613699 -4.8416970270301E-04
 2017.632877 -4.8416972249300E-04
 2017.652055 -4.8416973801756E-04
 2017.671233 -4.8416974479119E-04
 2017.690411 -4.8416973752016E-04
 2017.709589 -4.8416972843214E-04
 2017.728767 -4.8416972131405E-04
 2017.747945 -4.8416971094831E-04
 2017.767123 -4.8416969621025E-04
 2017.786301 -4.8416968488529E-04
 2017.805479 -4.8416968029773E-04
 2017.824658 -4.8416967137901E-04
 2017.843836 -4.8416966762579E-04
 2017.863014 -4.8416965786967E-04
 2017.882192 -4.8416964323771E-04
 2017.901370 -4.8416963756590E-04
 2017.920548 -4.8416963115242E-04
 2017.939726 -4.8416961754044E-04
 2017.958904 -4.8416960137087E-04
 2017.978082 -4.8416959433172E-04
 2017.997260 -4.8416957439028E-04
 2018.016438 -4.8416957694284E-04
 2018.035616 -4.8416957617803E-04
 2018.054795 -4.8416957847267E-04
 2018.073973 -4.8416958652623E-04
 2018.093151 -4.8416958732661E-04
 2018.112329 -4.8416958433590E-04
 2018.131507 -4.8416957681872E-04
 2018.150685 -4.8416958415398E-04
 2018.169863 -4.8416958359456E-04
 2018.189041 -4.8416957728500E-04
 2018.208219 -4.8416957491322E-04
 2018.227397 -4.8416955922591E-04
 2018.246575 -4.8416955179078E-04
 2018.265753 -4.8416953945521E-04
 2018.284932 -4.8416952347158E-04
 2018.304110 -4.8416952202693E-04
 2018.323288 -4.8416955063354E-04
 2018.342466 -4.8416956800759E-04
 2018.361644 -4.8416958388613E-04
 2018.380822 -4.8416959423524E-04
 2018.400000 -4.8416958132318E-04
 2018.419178 -4.8416958022783E-04
 2018.438356 -4.8416959398073E-04
 2018.457534 -4.8416960612755E-04
 2018.476712 -4.8416962766347E-04
 2018.495890 -4.8416965312918E-04
 2018.515068 -4.8416966814599E-04
 2018.534247 -4.8416967510596E-04
 2018.553425 -4.8416967793468E-04
 2018.572603 -4.8416967155306E-04
 2018.591781 -4.8416967435070E-04
 2018.610959 -4.8416967811158E-04
 2018.630137 -4.8416968257966E-04
 2018.649315 -4.8416968132326E-04
 2018.668493 -4.8416968297552E-04
 2018.687671 -4.8416968056185E-04
 2018.706849 -4.8416967611070E-04
 2018.726027 -4.8416968670661E-04
 2018.745205 -4.8416968833134E-04
 2018.764384 -4.8416969771360E-04
 2018.783562 -4.8416970626188E-04
 2018.802740 -4.8416969617107E-04
 2018.821918 -4.8416968097929E-04
 2018.841096 -4.8416966778614E-04
 2018.860274 -4.8416964366251E-04
 2018.879452 -4.8416962393704E-04
 2018.898630 -4.8416961705472E-04
 2018.917808 -4.8416961505690E-04
 2018.936986 -4.8416963642414E-04
 2018.956164 -4.8416964867708E-04
 2018.975342 -4.8416965085561E-04
 2018.994521 -4.8416963592082E-04
 2019.013699 -4.8416962731274E-04
 2019.032877 -4.8416964585566E-04
 2019.052055 -4.8416964231205E-04
 2019.071233 -4.8416964202680E-04
 2019.090411 -4.8416963758252E-04
 2019.109589 -4.8416962735193E-04
 2019.128767 -4.8416962893502E-04
 2019.147945 -4.8416962889600E-04
 2019.167123 -4.8416962554873E-04
 2019.186301 -4.8416962925128E-04
 2019.205479 -4.8416964169318E-04
 2019.224658 -4.8416964536615E-04
 2019.243836 -4.8416964009385E-04
 2019.263014 -4.8416961367986E-04
 2019.282192 -4.8416959089046E-04
 2019.301370 -4.8416958046950E-04
 2019.320548 -4.8416956982012E-04
 2019.339726 -4.8416957495885E-04
 2019.358904 -4.8416957562722E-04
 2019.378082 -4.8416957269216E-04
 2019.397260 -4.8416956928437E-04
 2019.416438 -4.8416957595064E-04
 2019.435616 -4.8416959854295E-04
 2019.454795 -4.8416962154658E-04
 2019.473973 -4.8416964959440E-04
 2019.493151 -4.8416966335165E-04
 2019.512329 -4.8416968386473E-04
 2019.531507 -4.8416970687955E-04
 2019.550685 -4.8416972671043E-04
 2019.569863 -4.8416973933201E-04
 2019.589041 -4.8416972896502E-04
 2019.608219 -4.8416972174109E-04
 2019.627397 -4.8416971867943E-04
 2019.646575 -4.8416972492485E-04
 2019.665753 -4.8416973412275E-04
 2019.684932 -4.8416973708740E-04
 2019.704110 -4.8416973621497E-04
 2019.723288 -4.8416973835411E-04
 2019.742466 -4.8416974477037E-04
 2019.761644 -4.8416974638131E-04
 2019.780822 -4.8416973228041E-04
 2019.800000 -4.8416970799294E-04
 2019.819178 -4.8416968930920E-04
 2019.838356 -4.8416966823122E-04
 2019.857534 -4.8416965371137E-04
 2019.876712 -4.8416964392176E-04
 2019.895890 -4.8416963891908E-04
 2019.915068 -4.8416964777515E-04
 2019.934247 -4.8416965470326E-04
 2019.953425 -4.8416965432682E-04
 2019.972603 -4.8416964495107E-04
 2019.991781 -4.8416962982441E-04
 2020.010929 -4.8416961795651E-04
 2020.030055 -4.8416963512567E-04
 2020.049180 -4.8416964908844E-04
 2020.068306 -4.8416966579703E-04
 2020.087432 -4.8416967853274E-04
 2020.106557 -4.8416967052146E-04
 2020.125683 -4.8416965293349E-04
 2020.144809 -4.8416964882316E-04
 2020.163934 -4.8416964369711E-04
 2020.183060 -4.8416963855483E-04
 2020.202186 -4.8416963946978E-04
 2020.221311 -4.8416962840576E-04
 2020.240437 -4.8416963729752E-04
 2020.259563 -4.8416963798348E-04
 2020.278689 -4.8416961632211E-04
 2020.297814 -4.8416960379166E-04
 2020.316940 -4.8416958079441E-04
 2020.336066 -4.8416957127143E-04
 2020.355191 -4.8416957132698E-04
 2020.374317 -4.8416957271967E-04
 2020.393443 -4.8416958046595E-04
 2020.412568 -4.8416959034680E-04
 2020.431694 -4.8416961929410E-04
 2020.450820 -4.8416963493360E-04
 2020.469945 -4.8416965480592E-04
 2020.489071 -4.8416968720169E-04
 2020.508197 -4.8416970830643E-04
 2020.527322 -4.8416973532659E-04
 2020.546448 -4.8416974452820E-04
 2020.565574 -4.8416974661981E-04
 2020.584699 -4.8416974276045E-04
 2020.603825 -4.8416975147669E-04
 2020.622951 -4.8416977394083E-04
 2020.642077 -4.8416977436603E-04
 2020.661202 -4.8416978590900E-04
 2020.680328 -4.8416977732624E-04
 2020.699454 -4.8416976868141E-04
 2020.718579 -4.8416976358144E-04
 2020.737705 -4.8416976492973E-04
 2020.756831 -4.8416975551055E-04
 2020.775956 -4.8416972906120E-04
 2020.795082 -4.8416971351763E-04
 2020.814208 -4.8416969448561E-04
 2020.833333 -4.8416969478215E-04
 2020.852459 -4.8416969838106E-04
 2020.871585 -4.8416970244652E-04
 2020.890710 -4.8416969179124E-04
 2020.909836 -4.8416967584678E-04
 2020.928962 -4.8416967531088E-04
 2020.948087 -4.8416967753102E-04
 2020.967213 -4.8416969130650E-04
 2020.986339 -4.8416969338863E-04
 2021.005479 -4.8416971829905E-04
 2021.024658 -4.8416972304402E-04
 2021.043836 -4.8416971846886E-04
 2021.063014 -4.8416971257194E-04
 2021.082192 -4.8416968496223E-04
 2021.101370 -4.8416967066390E-04
 2021.120548 -4.8416967585090E-04
 2021.139726 -4.8416967957302E-04
 2021.158904 -4.8416966798883E-04
 2021.178082 -4.8416966923924E-04
 2021.197260 -4.8416966418502E-04
 2021.216438 -4.8416966281072E-04
 2021.235616 -4.8416967187139E-04
 2021.254795 -4.8416965772357E-04
 2021.273973 -4.8416964753956E-04
 2021.293151 -4.8416962834533E-04
 2021.312329 -4.8416962262794E-04
 2021.331507 -4.8416961984490E-04
 2021.350685 -4.8416962344521E-04
 2021.369863 -4.8416963903183E-04
 2021.389041 -4.8416964986423E-04
 2021.408219 -4.8416965185686E-04
 2021.427397 -4.8416965523476E-04
 2021.446575 -4.8416966387447E-04
 2021.465753 -4.8416967790439E-04
 2021.484932 -4.8416970991901E-04
 2021.504110 -4.8416972975277E-04
 2021.523288 -4.8416974880840E-04
 2021.542466 -4.8416976516761E-04
 2021.561644 -4.8416976993161E-04
 2021.580822 -4.8416977301851E-04
 2021.600000 -4.8416977262676E-04
 2021.619178 -4.8416977636891E-04
 2021.638356 -4.8416977697711E-04
 2021.657534 -4.8416977400275E-04
 2021.676712 -4.8416977781748E-04
 2021.695890 -4.8416977816732E-04
 2021.715068 -4.8416978238404E-04
 2021.734247 -4.8416978318902E-04
 2021.753425 -4.8416978709421E-04
 2021.772603 -4.8416978967841E-04
 2021.791781 -4.8416978602950E-04
 2021.810959 -4.8416978688849E-04
 2021.830137 -4.8416977407342E-04
 2021.849315 -4.8416975485341E-04
 2021.868493 -4.8416973846418E-04
 2021.887671 -4.8416973168403E-04
 2021.906849 -4.8416973805905E-04
 2021.926027 -4.8416974703478E-04
 2021.945205 -4.8416974158575E-04
 2021.964384 -4.8416973525892E-04
 2021.983562 -4.8416972543220E-04
 2022.002740 -4.8416972471843E-04
 2022.021918 -4.8416973578114E-04